p 150 30
a 0 673 673 12 20
a 1 805 805 0 8 12 14
a 2 774 774
a 3 900 900 21
a 4 192 192 8 22
a 5 990 990 3 5
a 6 805 805 12 17
a 7 282 282
a 8 930 930 0 22
a 9 147 147 16 29
a 10 807 807 10 13 16
a 11 61 61 12 14 15 16
a 12 97 97 9 13 25
a 13 919 919 1 2 28
a 14 533 533 15 21
a 15 448 448 9 27 28
a 16 589 589
a 17 510 510 8 14
a 18 883 883
a 19 91 91 18
a 20 342 342 0 18
a 21 302 302 4
a 22 801 801 15
a 23 95 95 2 22 24
a 24 152 152 5 27
a 25 755 755 6
a 26 389 389 2 14
a 27 242 242
a 28 8 8 3 4
a 29 624 624 11 18
a 30 734 734 19 26
a 31 150 150 0 2 14
a 32 447 447 17 24 26 28
a 33 562 562
a 34 36 36 18 25
a 35 126 126 15 18
a 36 429 429 5 17 19
a 37 943 943 4 7
a 38 310 310 12
a 39 8 8 16 26
a 40 392 392 25
a 41 432 432 27 29
a 42 92 92
a 43 921 921 6 7 9 10 13 16 17
a 44 4 4 1
a 45 123 123
a 46 183 183 17
a 47 437 437 23
a 48 93 93 11 13 15 20 23 24
a 49 628 628 7
a 50 565 565
a 51 774 774
a 52 971 971 1 6 19
a 53 860 860 10 12 16 17
a 54 369 369 3 19
a 55 528 528
a 56 269 269 23
a 57 282 282 18 26
a 58 91 91 15 24 29
a 59 114 114
a 60 18 18 7
a 61 42 42
a 62 340 340 6 19 21
a 63 863 863 21 29
a 64 235 235 2 3 11
a 65 387 387 22
a 66 148 148 5 10
a 67 862 862 12 21
a 68 477 477 7 20
a 69 574 574 22 24
a 70 824 824 0 5 14
a 71 662 662 17
a 72 590 590 16
a 73 395 395 8 27
a 74 374 374 6 23
a 75 942 942 1 2 4 21
a 76 366 366 1 9
a 77 14 14 3 19
a 78 554 554 0 4
a 79 300 300 13
a 80 88 88 9
a 81 170 170 12 23
a 82 894 894 15
a 83 61 61 15 27 29
a 84 768 768
a 85 740 740 2 6 26
a 86 806 806 0 10
a 87 21 21 19 20 25
a 88 287 287 9 18
a 89 172 172 4 28
a 90 834 834 1 24
a 91 495 495 12 16 29
a 92 533 533 11 13
a 93 472 472 5 7 8 22 26
a 94 631 631 11 14 26
a 95 270 270 2 19
a 96 382 382 10 15 28 29
a 97 513 513 3
a 98 680 680 1 21 26 29
a 99 365 365
a 100 921 921 9 24 25
a 101 785 785
a 102 985 985 11
a 103 212 212 7 24
a 104 205 205 4 16 19
a 105 653 653 3 5 18 28
a 106 141 141 3 14
a 107 388 388 1 5 20
a 108 116 116 13 19 24
a 109 744 744 9
a 110 688 688 3 8
a 111 342 342 22
a 112 85 85 0
a 113 489 489 12
a 114 471 471 8 9
a 115 574 574 8 10 17
a 116 444 444 4 20 28
a 117 230 230 0 5 24 25
a 118 742 742 8 27
a 119 102 102 25 27
a 120 741 741
a 121 312 312 3 23
a 122 522 522 0 6 11 21 29
a 123 400 400 27 28
a 124 769 769 10 15
a 125 224 224 6 14
a 126 257 257 5 20 21
a 127 387 387 1 2 20 22 23 27
a 128 104 104 23
a 129 411 411 11 21
a 130 727 727 9
a 131 698 698 4 6 16
a 132 600 600 4 13
a 133 482 482 22 28
a 134 419 419 23
a 135 514 514 13
a 136 860 860 1 11 17 26
a 137 293 293 20 25 28
a 138 945 945 18 25
a 139 27 27 7 27
a 140 217 217 8 11 23
a 141 626 626 14 20
a 142 72 72 17
a 143 752 752 10 26
a 144 5 5 7
a 145 16 16 6 10
a 146 958 958 7 18 22
a 147 978 978 13 29
a 148 736 736 2 25
a 149 8 8
s 0 1
s 1 1
s 2 1
s 3 1
s 4 1
s 5 1
s 6 1
s 7 1
s 8 1
s 9 1
s 10 1
s 11 1
s 12 1
s 13 1
s 14 1
s 15 1
s 16 1
s 17 1
s 18 1
s 19 1
s 20 1
s 21 1
s 22 1
s 23 1
s 24 1
s 25 1
s 26 1
s 27 1
s 28 1
s 29 1
