p 150 30
a 0 76 76 10 13 18 28
a 1 972 972 21
a 2 672 672 3
a 3 356 356 12 15 17
a 4 952 952 6 10 11
a 5 664 664 25
a 6 928 928 0 24
a 7 694 694 4 19 25
a 8 136 136 9 18
a 9 608 608 4 7 15 19 29
a 10 578 578
a 11 840 840
a 12 251 251 5 20 27
a 13 158 158 29
a 14 361 361 17 22 29
a 15 88 88 6 14 15 17 22
a 16 506 506 3 7 20 28 29
a 17 331 331 7 12
a 18 741 741 9
a 19 949 949 6
a 20 264 264 27
a 21 212 212 21 23
a 22 947 947 1 6 10
a 23 227 227 8 14 23 26
a 24 896 896 11 21 24
a 25 254 254
a 26 83 83 4 16
a 27 286 286 2 18 23 24
a 28 164 164 13
a 29 64 64 9 18 28
a 30 481 481 7
a 31 675 675 28
a 32 755 755
a 33 64 64 19 26 29
a 34 665 665 3 12
a 35 131 131 3 4 10
a 36 346 346 9 11
a 37 456 456 24
a 38 253 253 21
a 39 81 81 14 22
a 40 758 758 7 9 20 25
a 41 554 554 13 15 24
a 42 185 185 2 13 29
a 43 718 718 3 22
a 44 425 425 10 29
a 45 642 642
a 46 737 737 8 18
a 47 698 698 16 17
a 48 556 556
a 49 163 163 3
a 50 105 105 14 19
a 51 158 158 18 20
a 52 260 260 0 2 4 9 11
a 53 861 861 0 12 26 29
a 54 84 84 6
a 55 8 8 0 1 17
a 56 216 216 5 23 27
a 57 238 238 2 15 26 28
a 58 265 265 1 6 12 18 25
a 59 911 911
a 60 913 913 6
a 61 838 838 16 21
a 62 243 243 0 1 7 8 25
a 63 736 736 8 16 22 24
a 64 162 162 17
a 65 151 151 1 21
a 66 976 976 12 14
a 67 664 664 5 10 19 20
a 68 939 939
a 69 220 220 19
a 70 173 173
a 71 667 667
a 72 513 513 1 6
a 73 529 529
a 74 360 360 22
a 75 996 996 8 25
a 76 1000 1000 10
a 77 196 196 2 4 16 21 23
a 78 622 622 17
a 79 549 549 9 23
a 80 203 203 7 12
a 81 867 867 0 2 10 22
a 82 326 326 1
a 83 450 450 16 26
a 84 275 275 1 28
a 85 894 894 2
a 86 533 533 14
a 87 481 481
a 88 287 287
a 89 638 638 27
a 90 179 179 4 16
a 91 852 852 15 23 24 26
a 92 107 107
a 93 958 958 1 25
a 94 246 246 13
a 95 555 555 13
a 96 252 252 15 26 27
a 97 873 873
a 98 181 181 5
a 99 883 883 8
a 100 298 298
a 101 837 837 5 28
a 102 864 864 13 25
a 103 276 276 3 5 16
a 104 511 511
a 105 926 926 17 24
a 106 351 351 12 22
a 107 978 978 22
a 108 183 183 12
a 109 853 853 15
a 110 648 648 18 19 28
a 111 241 241 0 19 24 27
a 112 913 913 4 7 15 18 19 20 24
a 113 10 10 3
a 114 357 357 0 11 25
a 115 695 695 11 21
a 116 885 885 11 14 26
a 117 920 920 3 7 14
a 118 805 805 15 20
a 119 836 836 28
a 120 582 582 20
a 121 697 697 14 19 23
a 122 601 601 27
a 123 509 509 2 5 21
a 124 810 810 16
a 125 497 497 14 17 21 26 27
a 126 306 306 6
a 127 946 946 9 28
a 128 231 231 2 13 27
a 129 263 263 29
a 130 73 73
a 131 604 604 1 5 7 8
a 132 936 936 5
a 133 801 801 8 11 18 20
a 134 871 871 4 9 11 27
a 135 539 539 9 13
a 136 888 888 0 2 6 10 20 26
a 137 296 296 8 23
a 138 694 694
a 139 623 623 3 10 17
a 140 591 591
a 141 188 188 0 13 23 29
a 142 279 279 25
a 143 574 574 22
a 144 403 403 12
a 145 857 857
a 146 62 62 8 16
a 147 885 885 4 11
a 148 233 233
a 149 18 18 5
s 0 1
s 1 1
s 2 1
s 3 1
s 4 1
s 5 1
s 6 1
s 7 1
s 8 1
s 9 1
s 10 1
s 11 1
s 12 1
s 13 1
s 14 1
s 15 1
s 16 1
s 17 1
s 18 1
s 19 1
s 20 1
s 21 1
s 22 1
s 23 1
s 24 1
s 25 1
s 26 1
s 27 1
s 28 1
s 29 1
