p 150 30
a 0 519 519 2 16
a 1 544 544 14
a 2 304 304 10 22 27
a 3 235 235
a 4 358 358 26 29
a 5 601 601 4 19
a 6 873 873 14 24 28
a 7 685 685 9
a 8 303 303 9 10 14 22
a 9 94 94 4
a 10 659 659 23
a 11 773 773 28
a 12 86 86 12
a 13 42 42
a 14 286 286 7 23
a 15 564 564 1 7 9 18
a 16 50 50 0 8 12 18 24
a 17 441 441 12
a 18 756 756 15 23
a 19 794 794 3 8
a 20 551 551 0 25 28
a 21 172 172 6
a 22 25 25 11 12 19 21 23
a 23 452 452 10 12
a 24 508 508 4 16
a 25 911 911 20
a 26 797 797 1 26
a 27 123 123 3 19
a 28 928 928 10 23 24 29
a 29 17 17 0 2 13
a 30 983 983 26
a 31 1000 1000 1 25
a 32 297 297 19
a 33 629 629 2 17 23
a 34 932 932 0 16
a 35 605 605 16 18
a 36 333 333 3 26
a 37 487 487 4
a 38 417 417 10 25
a 39 5 5 13
a 40 460 460 8 17 26
a 41 80 80 22
a 42 237 237
a 43 246 246 8 23
a 44 350 350 11 28
a 45 342 342 14 22 27
a 46 58 58 5 22
a 47 94 94 8 26
a 48 345 345 18
a 49 630 630 14
a 50 334 334
a 51 668 668 2 8
a 52 189 189 10
a 53 555 555 3 11 13 21 24
a 54 932 932 7 12 22
a 55 881 881 7
a 56 116 116 4 7 28
a 57 739 739
a 58 561 561 1 2 4 17
a 59 206 206
a 60 20 20 18
a 61 400 400 11 13 16 21 24
a 62 732 732 2 6
a 63 767 767 11
a 64 911 911 4 14 17
a 65 140 140 29
a 66 397 397 8 10 26 29
a 67 409 409 5 23 29
a 68 245 245 10 12
a 69 697 697 9 10 24
a 70 594 594 20
a 71 528 528 27
a 72 1000 1000 0 6 14 29
a 73 784 784 5 13 21 28
a 74 677 677 27
a 75 780 780 5 6 16 20 22
a 76 24 24 2 6
a 77 169 169 1 2 3 17 22
a 78 826 826 6 15
a 79 445 445 4 18 28
a 80 752 752 8 17 19 27
a 81 666 666 5 15
a 82 512 512 8 13
a 83 860 860 13 21 23
a 84 513 513 13
a 85 571 571 1 3 21 29
a 86 645 645 6
a 87 636 636
a 88 989 989 20
a 89 201 201 1 9 15
a 90 231 231
a 91 929 929
a 92 807 807 20
a 93 777 777 14
a 94 169 169 3 5
a 95 992 992 15
a 96 449 449 20
a 97 544 544 1 11 20
a 98 962 962 27
a 99 207 207 26
a 100 606 606 13 27 29
a 101 801 801 9 15
a 102 732 732
a 103 462 462 5 27
a 104 489 489 11 25
a 105 622 622 15
a 106 460 460
a 107 823 823 19 21 24
a 108 350 350
a 109 834 834 20
a 110 845 845 7 11 12
a 111 41 41
a 112 583 583 2 6
a 113 343 343
a 114 410 410 15 16 25
a 115 971 971 0 18 25
a 116 914 914 9 22
a 117 772 772 8 17 18 28
a 118 540 540 25
a 119 159 159 18
a 120 377 377 3 4 6 15
a 121 425 425 14
a 122 992 992 23
a 123 701 701 26
a 124 257 257 10 13
a 125 829 829 5 14 17 21 26
a 126 677 677 7 16 21
a 127 18 18 16 25
a 128 448 448 4 25 28
a 129 192 192 7 17 20 21
a 130 836 836 24 29
a 131 408 408 7 9 28
a 132 920 920 1 5
a 133 797 797 19 27
a 134 417 417 16
a 135 176 176 11 12 20
a 136 249 249 18
a 137 594 594 22
a 138 473 473 6 9 12
a 139 973 973 19
a 140 862 862 11 17 25
a 141 387 387 3 15 19
a 142 396 396 0 2 24
a 143 307 307 3 19
a 144 831 831 0 5 9
a 145 571 571 0 7
a 146 789 789 0
a 147 144 144
a 148 847 847 1 24 29
a 149 141 141 27
s 0 1
s 1 1
s 2 1
s 3 1
s 4 1
s 5 1
s 6 1
s 7 1
s 8 1
s 9 1
s 10 1
s 11 1
s 12 1
s 13 1
s 14 1
s 15 1
s 16 1
s 17 1
s 18 1
s 19 1
s 20 1
s 21 1
s 22 1
s 23 1
s 24 1
s 25 1
s 26 1
s 27 1
s 28 1
s 29 1
