p 150 30
a 0 725 725 13
a 1 217 217 24
a 2 948 948 10 20
a 3 395 395 0 8 15 16 17 19 25 26 28
a 4 999 999
a 5 286 286
a 6 310 310 2 5 13
a 7 649 649 14 24
a 8 198 198 7
a 9 677 677 24
a 10 630 630 15 20
a 11 855 855
a 12 649 649 9 10
a 13 382 382 21
a 14 389 389
a 15 88 88 15
a 16 299 299 24
a 17 200 200
a 18 680 680 0 6
a 19 935 935 1 10
a 20 278 278 2 4 8
a 21 892 892 14 17 19 26
a 22 817 817 2 13 18 26
a 23 645 645 5 25
a 24 865 865 24
a 25 868 868 3 6
a 26 4 4 8 24
a 27 941 941 18
a 28 371 371 14 19
a 29 379 379
a 30 989 989 23 28
a 31 206 206 9 26 28
a 32 664 664 8 14 24 28
a 33 294 294 6 19
a 34 696 696 1 2 6 21 27
a 35 89 89 7
a 36 853 853 15
a 37 428 428 3 29
a 38 168 168 6 19 22
a 39 220 220 2
a 40 542 542 3 12
a 41 498 498 20 21
a 42 188 188 1 7 12
a 43 525 525
a 44 808 808 0 1 3 16 20 21 23
a 45 994 994 20 26
a 46 376 376 12
a 47 731 731 6 8 16
a 48 659 659 12
a 49 644 644 11
a 50 808 808 1 13
a 51 193 193 4 16 23
a 52 240 240 15 22
a 53 613 613
a 54 298 298 5 11
a 55 804 804
a 56 756 756 17 21
a 57 648 648 1 9 18 28
a 58 884 884 0
a 59 744 744 7 11 24 25
a 60 915 915 9 20
a 61 859 859 17
a 62 603 603
a 63 430 430 22 27 29
a 64 657 657 11
a 65 179 179 0 3 13 15
a 66 494 494
a 67 57 57 19
a 68 845 845 17 27
a 69 898 898 18
a 70 346 346 13 14 15 19
a 71 65 65 3 23
a 72 191 191 4 10 26
a 73 384 384 9 25
a 74 231 231 12 15
a 75 719 719 8 13 25
a 76 627 627 19 23
a 77 839 839 11
a 78 939 939 16 20
a 79 658 658 1 12 16 17 26
a 80 814 814
a 81 84 84 0 22 26 27
a 82 678 678 1 4 19
a 83 289 289 5
a 84 512 512 11
a 85 323 323 29
a 86 214 214 10 18 23
a 87 530 530 8 9
a 88 867 867 21
a 89 690 690 3 11
a 90 292 292 5 6 10 22 24
a 91 883 883
a 92 707 707
a 93 520 520 9
a 94 350 350 4 6 8
a 95 215 215 20
a 96 15 15 0 1
a 97 823 823 4 13
a 98 142 142 0 25
a 99 91 91 15
a 100 399 399 5
a 101 385 385 7
a 102 435 435
a 103 993 993
a 104 462 462 11
a 105 959 959 23
a 106 686 686 10 16
a 107 149 149 14
a 108 786 786 25
a 109 375 375 0 6 10 11 28 29
a 110 976 976 7
a 111 606 606 13 20 23 28
a 112 122 122 14 17
a 113 470 470 14 18
a 114 234 234 13 22
a 115 655 655 16
a 116 991 991 2 12
a 117 364 364 6
a 118 725 725 12 24 27
a 119 535 535 1 4 10
a 120 181 181 3 7 20
a 121 928 928 8 12
a 122 148 148 0 15
a 123 166 166 4
a 124 748 748 2 28 29
a 125 556 556 8 12 19 21 28 29
a 126 78 78 22 23 26 27
a 127 745 745
a 128 611 611 4 18
a 129 107 107 9 23 27
a 130 656 656
a 131 31 31 5 25
a 132 812 812 2 28
a 133 887 887 7 21
a 134 627 627 9 22
a 135 388 388 18
a 136 774 774 2 3 7 10 29
a 137 239 239 14 16 21
a 138 161 161 5 27
a 139 718 718 5 14 17 21
a 140 838 838 5 22 26 29
a 141 65 65 4 25 27
a 142 518 518 9 11 22 27
a 143 975 975 18
a 144 663 663 2 16 17 25
a 145 149 149 3 7 29
a 146 101 101 17
a 147 379 379
a 148 677 677 18
a 149 859 859 29
s 0 1
s 1 1
s 2 1
s 3 1
s 4 1
s 5 1
s 6 1
s 7 1
s 8 1
s 9 1
s 10 1
s 11 1
s 12 1
s 13 1
s 14 1
s 15 1
s 16 1
s 17 1
s 18 1
s 19 1
s 20 1
s 21 1
s 22 1
s 23 1
s 24 1
s 25 1
s 26 1
s 27 1
s 28 1
s 29 1
