p 150 30
a 0 696 696 6 15 28
a 1 747 747 4 12
a 2 282 282 18
a 3 560 560 5
a 4 842 842
a 5 354 354 11 12 14 29
a 6 945 945 7 23
a 7 254 254 10 11
a 8 377 377 4 15
a 9 529 529 1 6 26
a 10 109 109 6 22 27
a 11 613 613 1 16 23 27
a 12 4 4 29
a 13 135 135 13 19
a 14 505 505 7 20 24
a 15 549 549 15
a 16 229 229 3 8 18 20 26
a 17 73 73 5
a 18 151 151 4 6 12
a 19 144 144 9
a 20 148 148 27
a 21 348 348 8 29
a 22 174 174 21
a 23 2 2 9 20 25
a 24 21 21 1 5 25
a 25 276 276 13 28
a 26 653 653 25 28
a 27 629 629 3 24 25
a 28 765 765 16 23 25
a 29 628 628 10
a 30 607 607 20 21
a 31 56 56 4 17
a 32 731 731 17
a 33 191 191 16
a 34 175 175
a 35 225 225 4 12
a 36 396 396 0 2 25
a 37 534 534 6 9
a 38 165 165 5 13 29
a 39 288 288
a 40 191 191 1
a 41 643 643
a 42 282 282 23 26
a 43 870 870 27
a 44 27 27 21
a 45 869 869 8 10
a 46 800 800 21
a 47 983 983 15 26
a 48 893 893 9 29
a 49 413 413 5 13
a 50 934 934 3 10 15 21
a 51 412 412 7 13 20 22 26
a 52 934 934 10
a 53 176 176 3 19 20
a 54 883 883 14
a 55 651 651 7 18
a 56 213 213 6 21 26
a 57 118 118 1 17 25 27 28
a 58 976 976 0 16 27
a 59 746 746 5 6
a 60 273 273 0 8 9 12 22 28
a 61 251 251 3 4 8 11 25 29
a 62 507 507 13 21
a 63 106 106 5
a 64 410 410 23
a 65 428 428 3 20
a 66 41 41 9 22
a 67 825 825 16 22 23
a 68 736 736 10 15 17
a 69 668 668 2 9 26
a 70 212 212 2 3 10 14
a 71 475 475 12
a 72 580 580 19
a 73 687 687 19 28
a 74 69 69 23
a 75 378 378 18 23
a 76 782 782 17 18 27
a 77 879 879 14
a 78 84 84 6
a 79 91 91 11 12 14 18 25
a 80 310 310 0
a 81 469 469 1 18 23
a 82 478 478 2
a 83 34 34
a 84 111 111 3 17 29
a 85 162 162 6 8
a 86 830 830 8 24
a 87 233 233
a 88 896 896 14 18 19
a 89 855 855 1 11
a 90 727 727
a 91 389 389 0 6 7 20 22 25 27
a 92 13 13 1 4 28
a 93 58 58
a 94 72 72 24
a 95 282 282 9 13 28
a 96 814 814 17
a 97 105 105
a 98 985 985 1 4 22 28
a 99 776 776 3
a 100 415 415
a 101 132 132 19 27
a 102 685 685 7
a 103 278 278 16
a 104 431 431 12 15
a 105 278 278 16 19
a 106 121 121
a 107 382 382 7 9 14 21 24 26
a 108 877 877 0 3 13 16
a 109 300 300
a 110 676 676 12
a 111 337 337
a 112 976 976
a 113 178 178 15
a 114 631 631
a 115 124 124 19 20
a 116 533 533 18
a 117 162 162 11 18
a 118 15 15 9 24
a 119 171 171 0 5 7 8 10
a 120 295 295 2 17
a 121 166 166 22
a 122 449 449 21
a 123 653 653 4 26
a 124 585 585 10
a 125 744 744 0 14 23
a 126 709 709 2 8 11 13 19
a 127 88 88 16
a 128 624 624 7
a 129 216 216 14 15 19 27 29
a 130 366 366 5
a 131 351 351 7
a 132 127 127 1 2
a 133 654 654 10 13 24
a 134 289 289 22 24
a 135 777 777
a 136 74 74 12 17
a 137 768 768 2 4
a 138 108 108 22
a 139 364 364 14
a 140 600 600 11
a 141 622 622 5 16
a 142 305 305 2 15
a 143 33 33 8 17 24
a 144 451 451 11
a 145 212 212 0 24 29
a 146 498 498 2 11 20 21 26 29
a 147 722 722
a 148 809 809 0
a 149 80 80 28
s 0 1
s 1 1
s 2 1
s 3 1
s 4 1
s 5 1
s 6 1
s 7 1
s 8 1
s 9 1
s 10 1
s 11 1
s 12 1
s 13 1
s 14 1
s 15 1
s 16 1
s 17 1
s 18 1
s 19 1
s 20 1
s 21 1
s 22 1
s 23 1
s 24 1
s 25 1
s 26 1
s 27 1
s 28 1
s 29 1
