p 100 20
a 0 909 909
a 1 427 427 3 6 9
a 2 576 576 5 9 11 14
a 3 720 720
a 4 201 201 4 11 15
a 5 205 205 18
a 6 358 358 5
a 7 786 786
a 8 376 376 11 16
a 9 543 543
a 10 473 473 2
a 11 449 449 2 7 12 14
a 12 891 891 3 4 5 8
a 13 760 760 10 16
a 14 659 659 4
a 15 841 841 16 17
a 16 451 451 0 1 10
a 17 713 713 8 10
a 18 52 52 0 9
a 19 774 774 4 14 17
a 20 970 970 0 5 6
a 21 782 782 2 9 15
a 22 443 443 3 18
a 23 290 290 2 8 12
a 24 763 763 12 17
a 25 87 87 5 7 16
a 26 901 901 7 13 16
a 27 49 49 6 11
a 28 479 479 10 18
a 29 472 472 0 4 10 18
a 30 451 451 13 15
a 31 384 384 4
a 32 666 666 6
a 33 670 670 4 6 8 13 15
a 34 136 136 0 3 5 11
a 35 909 909 14
a 36 477 477 8 14
a 37 908 908 1 2 11 13 18
a 38 220 220 13
a 39 472 472 4 14
a 40 13 13 0 1 14
a 41 740 740 0
a 42 387 387
a 43 170 170 11
a 44 732 732 6 10 17
a 45 993 993 4 8
a 46 34 34 1 9
a 47 829 829 2
a 48 510 510 7
a 49 204 204 6 7 10
a 50 250 250 9
a 51 828 828
a 52 790 790 12
a 53 302 302 1 17
a 54 205 205 9 10 17
a 55 436 436 12 14 18 19
a 56 914 914 9 15
a 57 982 982 15
a 58 857 857
a 59 772 772 1 11 19
a 60 860 860 2
a 61 379 379 5 8 13 17 19
a 62 451 451 4 13 16
a 63 857 857 9
a 64 187 187 16 19
a 65 13 13 0 2 7 19
a 66 133 133 12
a 67 45 45 18
a 68 770 770
a 69 847 847 15
a 70 435 435
a 71 584 584 10
a 72 975 975 0 3 12
a 73 367 367 18
a 74 715 715 1 13 16
a 75 448 448 8 12
a 76 111 111 8 16 19
a 77 361 361 10 17
a 78 732 732 19
a 79 37 37 1
a 80 96 96 5
a 81 912 912 3
a 82 864 864 5 15 18
a 83 832 832 6 11 15 19
a 84 783 783
a 85 910 910 7 8 14 17
a 86 324 324 3 19
a 87 637 637
a 88 371 371 6 7 13
a 89 151 151 3 12
a 90 719 719
a 91 54 54 1 3
a 92 169 169 0 9 11 12
a 93 433 433 1 7 14 19
a 94 297 297
a 95 227 227 7
a 96 305 305 3 5 15
a 97 7 7
a 98 31 31 2 6 16 17 18
a 99 927 927 2 13
s 0 1
s 1 1
s 2 1
s 3 1
s 4 1
s 5 1
s 6 1
s 7 1
s 8 1
s 9 1
s 10 1
s 11 1
s 12 1
s 13 1
s 14 1
s 15 1
s 16 1
s 17 1
s 18 1
s 19 1
