p 100 20
a 0 111 111
a 1 366 366 2 5 8
a 2 696 696 12
a 3 336 336 15 18
a 4 292 292 11 16
a 5 721 721 1 13 16
a 6 704 704 0 10
a 7 163 163 9
a 8 581 581
a 9 429 429 1 4 5 13
a 10 895 895
a 11 975 975 5 12 13 14 18
a 12 631 631
a 13 762 762 4 19
a 14 998 998 12
a 15 102 102 14 18
a 16 108 108 3 8 19
a 17 683 683 0 13 18
a 18 230 230 6 14
a 19 16 16 10 16
a 20 28 28 2 4 5 13 15 17
a 21 162 162 2 5 10
a 22 400 400 15 16
a 23 695 695 11 15
a 24 522 522 16
a 25 523 523 3 4
a 26 931 931 15
a 27 841 841 9
a 28 913 913
a 29 607 607 2
a 30 943 943 2
a 31 79 79 2 6
a 32 726 726 1 12
a 33 916 916
a 34 912 912 11 15
a 35 409 409 3 9 19
a 36 919 919 3
a 37 187 187 6 15 19
a 38 293 293 4 12
a 39 501 501 2 4 5 9 11
a 40 308 308 12 19
a 41 27 27 6
a 42 985 985 6 11
a 43 80 80 9 10 17
a 44 45 45 7 8
a 45 612 612 8 18
a 46 514 514 8
a 47 339 339 4
a 48 21 21 1 6 11 17
a 49 78 78 2 8 14
a 50 96 96
a 51 905 905 11
a 52 989 989 0 2 7 9 13 17
a 53 203 203 0 13
a 54 160 160 2 4 6
a 55 529 529 0 13
a 56 740 740 3 15 16
a 57 562 562 3 7 19
a 58 730 730 7 9 17
a 59 495 495 8
a 60 734 734 13 14
a 61 141 141 17
a 62 767 767 0 5 7 10
a 63 848 848 1 12
a 64 370 370 0 3 7 8 17
a 65 597 597 1
a 66 495 495 10 12 15 16
a 67 422 422 7 11 19
a 68 72 72 1 5 14
a 69 117 117 11 16
a 70 978 978 3
a 71 304 304 17
a 72 834 834
a 73 101 101 19
a 74 869 869 1 8 19
a 75 813 813 10 12
a 76 387 387 1 5 17
a 77 304 304 9 16
a 78 80 80 0 18
a 79 74 74 6 18
a 80 798 798 11 14
a 81 496 496 0 10
a 82 901 901 4 7 18
a 83 419 419
a 84 368 368 5 8
a 85 896 896
a 86 627 627 7 15 19
a 87 319 319 6
a 88 152 152 0 4 14
a 89 217 217 3 17
a 90 613 613 3 12
a 91 927 927 10
a 92 982 982
a 93 41 41 9
a 94 709 709 16
a 95 311 311 7 18
a 96 234 234 1 6 9 18
a 97 170 170 14
a 98 428 428 13 14
a 99 382 382 10
s 0 1
s 1 1
s 2 1
s 3 1
s 4 1
s 5 1
s 6 1
s 7 1
s 8 1
s 9 1
s 10 1
s 11 1
s 12 1
s 13 1
s 14 1
s 15 1
s 16 1
s 17 1
s 18 1
s 19 1
