p 100 20
a 0 509 509 1 3 8 14
a 1 90 90 0 17
a 2 589 589 18
a 3 325 325 4 15
a 4 208 208 1 14
a 5 208 208 4 13
a 6 973 973 15
a 7 19 19
a 8 798 798 10
a 9 856 856 1 8
a 10 664 664 2
a 11 353 353 8
a 12 111 111 6 15
a 13 30 30 13 17
a 14 434 434
a 15 876 876 7 13 19
a 16 177 177 7 9
a 17 648 648
a 18 659 659 6 10 16
a 19 871 871 5 10 16
a 20 252 252 15 19
a 21 489 489 11
a 22 960 960 5 8 9
a 23 428 428 4
a 24 130 130 3
a 25 670 670 6 16
a 26 270 270 1
a 27 570 570 12 17
a 28 567 567 0 4 9 19
a 29 70 70 5 14 18
a 30 896 896
a 31 256 256 2 11
a 32 125 125 0 14
a 33 901 901 5 11 13 17
a 34 580 580 2
a 35 672 672 3 8 16
a 36 27 27 3 5 15
a 37 170 170 11 17
a 38 441 441 6 7 14 15
a 39 952 952 17
a 40 847 847
a 41 298 298 1 2 18
a 42 524 524 11 17
a 43 645 645 5 9 14
a 44 737 737
a 45 876 876 2 12 13
a 46 491 491 0 15
a 47 720 720 1 2 4 6 19
a 48 994 994 4 5 9 16
a 49 567 567 0 17 18
a 50 281 281 2
a 51 6 6 10 14 16 19
a 52 974 974 7
a 53 96 96 11 15 18
a 54 43 43
a 55 322 322 1 12
a 56 174 174 1 8 13 18
a 57 169 169 14
a 58 306 306 11
a 59 462 462 2 13
a 60 8 8 3
a 61 926 926 1 3 5 11 12
a 62 322 322 7
a 63 403 403 2 3 4
a 64 578 578 8
a 65 977 977 16
a 66 539 539 8 9 13
a 67 141 141 10 18
a 68 717 717 10
a 69 41 41 0 6 8 11 19
a 70 142 142 18
a 71 698 698 1 7
a 72 383 383 6
a 73 406 406 7 16
a 74 930 930
a 75 219 219 3 10
a 76 684 684
a 77 793 793 0 4 5 11
a 78 991 991 12 14
a 79 252 252 0 10 18
a 80 846 846 0 12 17
a 81 330 330 0
a 82 306 306 6 19
a 83 817 817 9
a 84 538 538 5 7 8 9 16 19
a 85 953 953 9 12 15
a 86 819 819 6 15
a 87 514 514 3 9 18 19
a 88 124 124 19
a 89 169 169 7
a 90 628 628 10 13 17
a 91 513 513 2
a 92 318 318 3
a 93 769 769 12 14
a 94 619 619 10 16
a 95 49 49
a 96 341 341 4 13
a 97 933 933 4 6
a 98 41 41 7 12
a 99 961 961 12
s 0 1
s 1 1
s 2 1
s 3 1
s 4 1
s 5 1
s 6 1
s 7 1
s 8 1
s 9 1
s 10 1
s 11 1
s 12 1
s 13 1
s 14 1
s 15 1
s 16 1
s 17 1
s 18 1
s 19 1
