p 150 30
a 0 793 793 2 5 11
a 1 714 714 4 22
a 2 18 18 2 7 8 10 25
a 3 436 436 8
a 4 277 277
a 5 617 617
a 6 726 726
a 7 453 453 6 10 18 25
a 8 654 654 2 12
a 9 348 348 4
a 10 627 627 15 16
a 11 557 557 1
a 12 381 381 16 26
a 13 821 821 11 24 25
a 14 602 602 15 17 20
a 15 358 358 28
a 16 656 656 1 7 16
a 17 390 390 17 28
a 18 242 242
a 19 160 160 0 19 27
a 20 946 946 13 14 17
a 21 855 855 6
a 22 353 353 8
a 23 251 251 25
a 24 573 573 2 11 18 29
a 25 300 300 21
a 26 358 358 4 23 24
a 27 177 177 8
a 28 684 684 1
a 29 534 534 4
a 30 549 549 18 21 28
a 31 927 927 25
a 32 877 877
a 33 457 457 26
a 34 906 906 9
a 35 29 29 6 23
a 36 87 87 29
a 37 886 886 18 20
a 38 361 361 3
a 39 172 172 10 12 14
a 40 641 641 16 18
a 41 394 394 27
a 42 357 357
a 43 607 607 9 18
a 44 20 20 12 16 29
a 45 375 375
a 46 216 216
a 47 14 14 17 23
a 48 745 745 9
a 49 225 225 5 24 29
a 50 235 235 13 14 18 27
a 51 895 895 24
a 52 181 181 20
a 53 827 827 4 6 12 22
a 54 862 862 3 8
a 55 629 629 12 20
a 56 972 972
a 57 235 235
a 58 730 730 6
a 59 670 670 13
a 60 356 356 0 4 11 22
a 61 68 68 0 2 22 28
a 62 517 517 21
a 63 863 863
a 64 644 644 13
a 65 411 411 1 9 17 26
a 66 782 782 1 14 17 19 20
a 67 395 395
a 68 908 908 14 16 20 26
a 69 588 588 1
a 70 593 593 1 7
a 71 628 628 7
a 72 438 438 14 19 29
a 73 845 845 3 15 19
a 74 885 885 10 12 21 24
a 75 201 201 6 9 29
a 76 222 222 25
a 77 907 907 10 23
a 78 36 36 7 16 20 25
a 79 936 936 3 4 7 26
a 80 151 151 19 23
a 81 228 228
a 82 755 755 6 23 24 25
a 83 806 806 28
a 84 86 86 28
a 85 277 277 8 16 21 25
a 86 779 779 0 22 26 29
a 87 941 941
a 88 770 770 27
a 89 213 213 1 11 21
a 90 935 935 0 5 21
a 91 925 925 13 14 17 20 22 27
a 92 252 252 3 11
a 93 161 161 5 8
a 94 664 664 26
a 95 319 319 13 14 22
a 96 363 363 11 22
a 97 793 793 6 9 10 18
a 98 349 349 3 5 22
a 99 613 613 18
a 100 155 155 8
a 101 827 827 2 9 12
a 102 694 694 9 12 13 15
a 103 662 662 0 21
a 104 111 111 26
a 105 703 703
a 106 562 562 4 19 20 27
a 107 169 169 7 24
a 108 597 597 7
a 109 555 555 27
a 110 384 384 5
a 111 199 199 6 10
a 112 226 226 5 26 28
a 113 376 376 19
a 114 835 835 9 17 27
a 115 62 62 18 19
a 116 117 117 0 15 20 23 28
a 117 260 260 5
a 118 594 594 15
a 119 75 75 1 10 14 17
a 120 960 960 4 5 10 24
a 121 73 73 3 11 12
a 122 807 807 2 13
a 123 640 640 29
a 124 404 404 8 16
a 125 749 749 19
a 126 909 909 0 5 19
a 127 190 190 7
a 128 164 164 0 11 21
a 129 572 572 2 13 25
a 130 432 432 22
a 131 404 404
a 132 557 557 3 15 23
a 133 844 844 2 9 10 27
a 134 440 440 23 28
a 135 441 441 6 26
a 136 420 420 3 13 23 24 28
a 137 183 183 16 27
a 138 166 166 11
a 139 143 143 14
a 140 296 296 12 29
a 141 54 54
a 142 10 10 15 29
a 143 361 361 1 17
a 144 178 178 2 3
a 145 859 859
a 146 860 860 7 15
a 147 6 6 0 4
a 148 43 43 8 15 21 24
a 149 664 664
s 0 1
s 1 1
s 2 1
s 3 1
s 4 1
s 5 1
s 6 1
s 7 1
s 8 1
s 9 1
s 10 1
s 11 1
s 12 1
s 13 1
s 14 1
s 15 1
s 16 1
s 17 1
s 18 1
s 19 1
s 20 1
s 21 1
s 22 1
s 23 1
s 24 1
s 25 1
s 26 1
s 27 1
s 28 1
s 29 1
