p 150 30
a 0 487 487 2 23 24
a 1 684 684 7 19 27
a 2 17 17 16 22
a 3 986 986 19 29
a 4 687 687 0 12 27
a 5 613 613 15 18
a 6 461 461 21
a 7 388 388 3
a 8 217 217 15
a 9 907 907
a 10 276 276 21 27
a 11 250 250 8
a 12 825 825 22
a 13 918 918 0 12 21
a 14 866 866 10 20
a 15 527 527 10 13
a 16 629 629 4 8 12
a 17 273 273 11 17
a 18 395 395 1 6
a 19 368 368 3 8 25
a 20 327 327 14 22
a 21 976 976 29
a 22 726 726 22 25
a 23 176 176 1 12 13 18 20
a 24 668 668
a 25 459 459
a 26 289 289 18 27
a 27 708 708 6 23
a 28 459 459 5 19
a 29 123 123 15 25
a 30 22 22 4
a 31 978 978 6 19
a 32 130 130 16 24
a 33 371 371
a 34 124 124 13 17 23 25 26 28
a 35 598 598 23 24
a 36 398 398
a 37 985 985
a 38 185 185 2
a 39 77 77
a 40 321 321 8 26
a 41 940 940 13 26
a 42 151 151 2 15 22
a 43 894 894 21 29
a 44 353 353 5 8 25
a 45 95 95
a 46 948 948 3 18
a 47 589 589 17 23
a 48 118 118 7 9
a 49 951 951 14 18 21
a 50 478 478 3 8 24
a 51 426 426 4
a 52 876 876 1 7 16 28
a 53 914 914
a 54 975 975
a 55 545 545 17 26
a 56 818 818 9 19 22
a 57 945 945 0 18
a 58 726 726 11 18
a 59 299 299 13
a 60 178 178 3 27
a 61 792 792 11 17 19
a 62 742 742 9 29
a 63 557 557 5 9 14 19 28
a 64 466 466 10 17 24
a 65 699 699 10 28
a 66 754 754 17 27
a 67 672 672 10 16
a 68 698 698 8 17 20
a 69 947 947 3 16 24
a 70 289 289 6 7 28
a 71 721 721 2 15
a 72 128 128 8 15
a 73 712 712
a 74 655 655 23 29
a 75 801 801 5 23 25
a 76 848 848
a 77 161 161 11 19 29
a 78 293 293 10
a 79 472 472 11 18 28
a 80 568 568 5 11 14 28
a 81 795 795 1 13 29
a 82 993 993 29
a 83 317 317 11
a 84 467 467
a 85 879 879 2 12 19 25 29
a 86 544 544 2 20
a 87 682 682 7 26
a 88 483 483 9 13 17 21 25
a 89 831 831 26
a 90 828 828 5 11
a 91 838 838 1 12
a 92 292 292 5 14
a 93 625 625 6 14
a 94 377 377 2 14 15
a 95 402 402 28
a 96 983 983 10 16
a 97 628 628 9 10
a 98 380 380 13
a 99 984 984 2 5 21 27
a 100 541 541
a 101 299 299
a 102 406 406 4 9 15
a 103 152 152 1 22 27
a 104 405 405 11 19 24
a 105 417 417 12 16 23
a 106 709 709 5 22 25
a 107 493 493
a 108 640 640 2 4 9
a 109 20 20 7 14 20
a 110 915 915 4 26
a 111 696 696 23
a 112 450 450 7
a 113 276 276 3
a 114 107 107 6 24
a 115 267 267 4 9 10 28
a 116 531 531 2 7
a 117 838 838 3 13
a 118 954 954 1 8 12
a 119 449 449 6 15 20 22 26
a 120 799 799 12 21 26 28
a 121 668 668 13 15 26
a 122 899 899 6 11 14 21
a 123 836 836 12
a 124 459 459 0 1 18 20
a 125 79 79
a 126 678 678 9
a 127 143 143
a 128 137 137 21
a 129 448 448 20 22
a 130 401 401 0 14 27
a 131 830 830
a 132 766 766 5 18
a 133 179 179 0 20
a 134 710 710
a 135 498 498 0 1 16
a 136 889 889 1
a 137 965 965 6 10
a 138 999 999
a 139 473 473 7
a 140 711 711 27
a 141 215 215 23
a 142 72 72 3 16 17 24
a 143 309 309 0 6 16
a 144 509 509 0 4 8
a 145 963 963 3
a 146 917 917 0 4
a 147 108 108 4 24 29
a 148 317 317 7
a 149 935 935 20 25
s 0 1
s 1 1
s 2 1
s 3 1
s 4 1
s 5 1
s 6 1
s 7 1
s 8 1
s 9 1
s 10 1
s 11 1
s 12 1
s 13 1
s 14 1
s 15 1
s 16 1
s 17 1
s 18 1
s 19 1
s 20 1
s 21 1
s 22 1
s 23 1
s 24 1
s 25 1
s 26 1
s 27 1
s 28 1
s 29 1
