p 150 30
a 0 604 604 6 9 13 14 25
a 1 203 203 0 14
a 2 427 427 20
a 3 595 595 22 28
a 4 66 66 23 26
a 5 12 12 11 18
a 6 566 566 26
a 7 27 27 1 7 16
a 8 147 147 9 19
a 9 504 504 6 20
a 10 647 647 1 19 20 27
a 11 325 325 2 6 21
a 12 967 967 3 26
a 13 955 955 10 14 21
a 14 349 349 8 28
a 15 107 107
a 16 565 565 24
a 17 780 780
a 18 563 563
a 19 896 896 7 22 25 28
a 20 579 579 24
a 21 10 10 0 2 11 21
a 22 619 619
a 23 365 365 22 24
a 24 199 199 27 29
a 25 577 577 1 24
a 26 737 737
a 27 796 796 8 11 17
a 28 599 599 25
a 29 980 980
a 30 593 593 12
a 31 89 89 6 13 14 23
a 32 230 230 8
a 33 253 253 12 21 26 28
a 34 532 532 5 9 26 28
a 35 597 597 17
a 36 264 264 13 28
a 37 139 139 26
a 38 414 414 21 27
a 39 293 293 12
a 40 168 168 1 15
a 41 204 204 0 4
a 42 779 779
a 43 323 323 2 3 25
a 44 15 15
a 45 715 715 7 9 12 16 22
a 46 828 828 3
a 47 659 659 20
a 48 904 904 0 7 8 10 17
a 49 307 307 10 20 29
a 50 13 13 11
a 51 609 609
a 52 394 394 6 19 24
a 53 797 797 14 17 18 29
a 54 881 881 0
a 55 521 521 26
a 56 166 166 3
a 57 574 574 5 12 16 17
a 58 943 943 6 19 26
a 59 190 190 1 12 21
a 60 825 825 19
a 61 853 853 3
a 62 22 22 4
a 63 16 16 11 14 19
a 64 452 452
a 65 947 947 3 8
a 66 959 959 18
a 67 560 560 9 20 29
a 68 402 402 9 17 19 23
a 69 668 668 27
a 70 315 315 23 29
a 71 709 709 18
a 72 682 682 16 18 20
a 73 53 53 3 27
a 74 29 29
a 75 180 180 7 10 22
a 76 6 6 10 25
a 77 839 839 5
a 78 104 104 1 9 22 28
a 79 707 707
a 80 859 859 2 21 29
a 81 515 515 10
a 82 156 156 15
a 83 423 423 1 12 22 26
a 84 674 674 11 13 18
a 85 277 277 13
a 86 261 261 27
a 87 23 23 6
a 88 142 142 4 20
a 89 966 966 15
a 90 637 637 10 22
a 91 584 584 7 8 23 29
a 92 911 911 14 18 23 24
a 93 669 669 0 15
a 94 60 60 9 27
a 95 26 26 12
a 96 166 166 27
a 97 94 94 13 15 19 21
a 98 549 549 0 2
a 99 315 315 2 16
a 100 714 714 5
a 101 630 630 4 12 13
a 102 522 522 5 8 20
a 103 235 235 5
a 104 538 538 16
a 105 6 6 17
a 106 194 194 7 17 28
a 107 920 920
a 108 916 916 6 10
a 109 822 822 0 8 23 26 27
a 110 722 722
a 111 883 883 2 8 13 22
a 112 422 422 12 27
a 113 763 763 0 2 4 16 29
a 114 642 642 8 25
a 115 586 586 1 4 5 15 16 24
a 116 403 403
a 117 763 763 1 10 11 21
a 118 945 945 23 29
a 119 975 975 1 15 18
a 120 688 688 5
a 121 945 945
a 122 44 44 13 19
a 123 105 105 5 15 17 28
a 124 967 967 7
a 125 285 285 14
a 126 99 99 6 9 22 24 25
a 127 281 281 3 9 13
a 128 388 388 11 17
a 129 70 70 7
a 130 524 524 4 11
a 131 760 760 14 25
a 132 398 398 15 18
a 133 386 386
a 134 221 221 2 10 19
a 135 511 511
a 136 168 168 11 28
a 137 653 653 16
a 138 852 852 16 20
a 139 471 471 3 25
a 140 993 993 21 23
a 141 416 416 4
a 142 81 81 18
a 143 571 571 4 6
a 144 864 864 2
a 145 516 516 4 23 24
a 146 966 966 15 24
a 147 946 946 7 25 29
a 148 228 228 5 14
a 149 127 127 0 3
s 0 1
s 1 1
s 2 1
s 3 1
s 4 1
s 5 1
s 6 1
s 7 1
s 8 1
s 9 1
s 10 1
s 11 1
s 12 1
s 13 1
s 14 1
s 15 1
s 16 1
s 17 1
s 18 1
s 19 1
s 20 1
s 21 1
s 22 1
s 23 1
s 24 1
s 25 1
s 26 1
s 27 1
s 28 1
s 29 1
