p 150 30
a 0 447 447 14
a 1 24 24 7 23 29
a 2 315 315
a 3 518 518
a 4 327 327 16 19 23
a 5 482 482 8 21
a 6 231 231 28
a 7 93 93 3 13
a 8 304 304 19 20
a 9 436 436 4 5 8 21
a 10 243 243 6 11
a 11 952 952 10 15
a 12 787 787 10
a 13 103 103
a 14 869 869 10 29
a 15 350 350 19
a 16 443 443 25
a 17 259 259 4 13 19 28
a 18 447 447 17
a 19 203 203 13
a 20 648 648 2 20 21 23
a 21 137 137 16
a 22 916 916 10 28
a 23 156 156
a 24 329 329 19
a 25 120 120 7 12 23
a 26 379 379 9
a 27 440 440 2 5
a 28 443 443 0 2 4 9 12 21
a 29 572 572 1 15 17 22 26 29
a 30 713 713 19
a 31 401 401 9 11 17 18 22 26
a 32 68 68 0 21 22 23 28
a 33 4 4 1 11
a 34 914 914
a 35 515 515 19 27
a 36 197 197 18
a 37 243 243 22 27 28
a 38 935 935 1 10 24 29
a 39 157 157 12 16
a 40 624 624 9 18
a 41 97 97 2 22 27
a 42 783 783
a 43 254 254 28
a 44 367 367 5 12 14 16 27
a 45 570 570 14 22
a 46 735 735 0
a 47 82 82 1 24 28
a 48 917 917 4 9
a 49 431 431 0 23 24
a 50 588 588 22
a 51 357 357 3 15 25
a 52 160 160 25 27
a 53 28 28 1 11 18 21 24 25
a 54 755 755 19
a 55 302 302 8
a 56 703 703 6 13
a 57 11 11
a 58 590 590 5 14
a 59 344 344 3 29
a 60 368 368
a 61 383 383 14 23
a 62 930 930 12 20
a 63 245 245 6 15 25
a 64 94 94 9 13
a 65 555 555 5 11 25 26
a 66 55 55 9 15 17
a 67 652 652 1
a 68 649 649 13
a 69 419 419 0 7 9 26
a 70 767 767 20 23
a 71 941 941 5 10 17 18
a 72 790 790 8 14 18
a 73 283 283 8 15 17
a 74 163 163 3 24
a 75 770 770
a 76 385 385 2 6
a 77 535 535 0
a 78 34 34
a 79 48 48 0 8 26
a 80 704 704 0 4
a 81 475 475 0 3 8
a 82 12 12 17 27
a 83 758 758 11 20 25
a 84 946 946 11 12 27
a 85 660 660 1 12 18
a 86 462 462
a 87 278 278 2 6 9
a 88 311 311 21
a 89 127 127 10
a 90 22 22 22
a 91 882 882 27
a 92 882 882 10 24 25
a 93 272 272 1 24
a 94 393 393 12 16
a 95 520 520 7
a 96 860 860
a 97 789 789 4 11 29
a 98 595 595 16
a 99 248 248 7 8 12
a 100 915 915 5 24
a 101 348 348 3 11
a 102 679 679 28
a 103 550 550 5 13 16 19 28 29
a 104 523 523 6 13 14
a 105 258 258 2 3 15
a 106 944 944 8
a 107 636 636 1 2 3 6 7
a 108 947 947 4 13 29
a 109 502 502 24
a 110 287 287 4 5 12
a 111 649 649 19
a 112 331 331 10
a 113 838 838
a 114 710 710 16
a 115 855 855 7 22
a 116 549 549 8
a 117 824 824 6 21
a 118 549 549 26
a 119 274 274 6
a 120 146 146 14
a 121 379 379 2 3 18 27
a 122 986 986 16 18
a 123 237 237 7 15
a 124 854 854 20
a 125 47 47
a 126 798 798
a 127 793 793 21
a 128 783 783 2 17 24
a 129 650 650 20
a 130 894 894 9 26
a 131 416 416 1 14
a 132 617 617
a 133 45 45 16 25 26
a 134 511 511 14 15 20 26
a 135 191 191
a 136 854 854 0 5
a 137 654 654 11
a 138 958 958 13 17 20
a 139 83 83 17 20
a 140 924 924 6 23 25 27
a 141 120 120
a 142 134 134 4 7 23
a 143 925 925 4 10
a 144 335 335 3 29
a 145 960 960
a 146 411 411 15 22
a 147 888 888 18 28
a 148 441 441 26 29
a 149 64 64 7 21
s 0 1
s 1 1
s 2 1
s 3 1
s 4 1
s 5 1
s 6 1
s 7 1
s 8 1
s 9 1
s 10 1
s 11 1
s 12 1
s 13 1
s 14 1
s 15 1
s 16 1
s 17 1
s 18 1
s 19 1
s 20 1
s 21 1
s 22 1
s 23 1
s 24 1
s 25 1
s 26 1
s 27 1
s 28 1
s 29 1
