p 150 30
a 0 175 175 7 22
a 1 39 39 0 20
a 2 184 184 16 28
a 3 659 659 13 18 23 29
a 4 296 296 11 26 28
a 5 723 723 18 19
a 6 984 984 7 22 24 29
a 7 232 232
a 8 504 504 11 26
a 9 233 233 8 14 27
a 10 301 301 6 10 16
a 11 591 591 9
a 12 481 481 0 19 29
a 13 409 409 5 13 14 17 20 29
a 14 506 506
a 15 703 703
a 16 859 859
a 17 819 819 8 15
a 18 558 558
a 19 562 562 14 29
a 20 121 121 1 18 25
a 21 29 29 2 23
a 22 657 657
a 23 714 714 1 10 23 25
a 24 333 333 12 26
a 25 93 93
a 26 183 183 3 27
a 27 468 468 20 22
a 28 321 321 12 21
a 29 359 359 7 23
a 30 75 75 8 21 22 25 26
a 31 988 988 4 18
a 32 95 95 26
a 33 984 984 6 8 24 29
a 34 365 365 2 4 18
a 35 265 265
a 36 715 715 0 7 24
a 37 747 747
a 38 391 391 7 13 14 27
a 39 426 426 5 17
a 40 256 256 2
a 41 164 164 2 13 17
a 42 468 468 13 28
a 43 793 793 3
a 44 232 232 3
a 45 620 620 0 2 13 29
a 46 881 881 17 26 27
a 47 719 719 5 10
a 48 129 129 1 5 7 15 20 21
a 49 949 949 3 11 22
a 50 721 721 11 27
a 51 80 80 8 25
a 52 92 92
a 53 767 767 2 12
a 54 588 588 2 5 28
a 55 809 809 16
a 56 127 127 0 25
a 57 826 826 7 20
a 58 160 160 8 20
a 59 519 519
a 60 221 221 3 11
a 61 36 36
a 62 315 315 1 18 19
a 63 457 457 2 5
a 64 148 148 28
a 65 157 157 2 12 27
a 66 135 135 4 14 15 23 24
a 67 361 361 22
a 68 752 752 9 13 23
a 69 209 209
a 70 479 479
a 71 295 295 4 9 23
a 72 590 590 12 19
a 73 525 525 10 12 15
a 74 977 977 3 28 29
a 75 695 695 22 29
a 76 91 91
a 77 190 190 10 20 25
a 78 373 373 28
a 79 420 420 6
a 80 302 302 14
a 81 703 703 11 12 21
a 82 845 845 19 28
a 83 524 524 5 19
a 84 540 540 4 21
a 85 610 610 19 20 27
a 86 828 828 0
a 87 638 638
a 88 187 187 4
a 89 417 417 6 12 16
a 90 828 828
a 91 170 170 25
a 92 624 624 9
a 93 900 900 1 6 11 26
a 94 515 515 10 13
a 95 416 416
a 96 645 645 1 5 8
a 97 437 437 1 6 11 15 17
a 98 670 670
a 99 379 379 8 15 21
a 100 677 677 11 16 21
a 101 859 859 0 15
a 102 953 953 0 21
a 103 847 847 24 25
a 104 138 138 17
a 105 916 916 3 22 24
a 106 989 989 9 24
a 107 617 617 6 18 26
a 108 289 289
a 109 383 383 1 16
a 110 75 75 19
a 111 334 334 18 27
a 112 916 916 10 25
a 113 57 57 1 3 10 15 16 17
a 114 657 657 7 9
a 115 63 63 16
a 116 617 617 18 23
a 117 525 525 15 17
a 118 130 130 3 14 17
a 119 443 443 27
a 120 985 985 24
a 121 873 873 4 22
a 122 50 50
a 123 397 397 1 14
a 124 27 27 10 20 22 25
a 125 583 583 6 26 28
a 126 203 203 23
a 127 776 776 9 24
a 128 417 417 4 7 14 21
a 129 666 666 18
a 130 553 553 28
a 131 760 760 4
a 132 756 756
a 133 418 418
a 134 845 845 3 20
a 135 555 555 12
a 136 444 444 0 8 9 13 16 17 19 21 24 27
a 137 825 825 7 29
a 138 1000 1000 15
a 139 423 423 11
a 140 122 122 6
a 141 734 734 5 9 14 16
a 142 414 414 13
a 143 918 918 4
a 144 794 794 26
a 145 874 874 0 8 12
a 146 61 61 10
a 147 176 176 2 6
a 148 75 75 5 19 23
a 149 986 986 9
s 0 1
s 1 1
s 2 1
s 3 1
s 4 1
s 5 1
s 6 1
s 7 1
s 8 1
s 9 1
s 10 1
s 11 1
s 12 1
s 13 1
s 14 1
s 15 1
s 16 1
s 17 1
s 18 1
s 19 1
s 20 1
s 21 1
s 22 1
s 23 1
s 24 1
s 25 1
s 26 1
s 27 1
s 28 1
s 29 1
