p 1000 200
a 0 1 1 58 64 74 148 176 199
a 1 1 1 14 20 101 142 177
a 2 1 1 9 30 127 138 162
a 3 1 1 94 140 141 148 180
a 4 1 1 63 94 107 126 152
a 5 1 1 4 129 143 199
a 6 1 1 2 84 104 176
a 7 1 1 3 26 85 145
a 8 1 1 13 105 115 125
a 9 1 1 70 110 141
a 10 1 1 0 60 119
a 11 1 1 42
a 12 2 2 19 25 82 85 133 179
a 13 2 2 5 10 18 53 118
a 14 2 2 71 104 113 168 196
a 15 2 2 46 51 147 165
a 16 2 2 68 87 125 143
a 17 2 2 50 101 106 195
a 18 2 2 7 22 173 192
a 19 2 2 12 20 176
a 20 2 2 81 111 146
a 21 2 2 5 49 133
a 22 2 2 83 175
a 23 2 2 26
a 24 3 3 16 33 117 159 178 195
a 25 3 3 102 104 111 131 172
a 26 3 3 12 24 58 83 120
a 27 3 3 7 146 150 155 171
a 28 3 3 41 77 121 157 159
a 29 3 3 65 91 132 154
a 30 3 3 1 152 169 189
a 31 3 3 75 79 134 172
a 32 3 3 85 108 193
a 33 3 3 115 150 175
a 34 3 3 29 161
a 35 3 3 76 107
a 36 3 3 72 167
a 37 3 3 129
a 38 3 3 94
a 39 4 4 11 15 24 31 36 37 65
a 40 4 4 112 121 156 177
a 41 4 4 11 90 144 163
a 42 4 4 31 114 115 150
a 43 4 4 64 108 135
a 44 4 4 28 50 110
a 45 4 4 71 102
a 46 4 4 15 184
a 47 5 5 76 87 94 98 153 174
a 48 5 5 100 111 125 161 183 187
a 49 5 5 50 69 123 140 165
a 50 5 5 56 101 165 167
a 51 5 5 126 171
a 52 5 5 141 165
a 53 5 5 49 85
a 54 6 6 65 93 117 149 150 158 169
a 55 6 6 16 23 97 121 135 143 188
a 56 6 6 19 57 112 118 191
a 57 6 6 10 57 70 123 186
a 58 6 6 5 31 96 118
a 59 6 6 8 36 65 80
a 60 6 6 1 31 38 199
a 61 6 6 110 182 199
a 62 6 6 47 103 130
a 63 6 6 4 33
a 64 6 6 28 121
a 65 6 6 183
a 66 7 7 82 91 103 154 156 171 196
a 67 7 7 10 17 27 40 85 160
a 68 7 7 74 93 120 143 183 198
a 69 7 7 27 93 138 176 180
a 70 7 7 44 85 88 176 189
a 71 7 7 12 64 161 165
a 72 7 7 31 46 65 85
a 73 7 7 2 15 24 110
a 74 7 7 47 88 196
a 75 7 7 79 93 111
a 76 7 7 80 122 193
a 77 7 7 5 41 91
a 78 7 7 154 183
a 79 7 7 105
a 80 7 7 194
a 81 8 8 35 43 65 115 175
a 82 8 8 3 21 39 156
a 83 8 8 2 35 156
a 84 8 8 34 134
a 85 8 8 6 194
a 86 9 9 75 94 102 143 176 199
a 87 9 9 40 62 71 82 181
a 88 9 9 24 28 118 163
a 89 9 9 62 74 149 174
a 90 9 9 54 87 122
a 91 9 9 77 100 172
a 92 9 9 48 198
a 93 9 9 14
a 94 9 9 63
a 95 10 10 1 22 38 62 72 75 101
a 96 10 10 17 37 44 63 85 113
a 97 10 10 7 17 59 164 171 180
a 98 10 10 15 39 42 50 152
a 99 10 10 11 62 80 183 195
a 100 10 10 36 65 83 157
a 101 10 10 26 101 168 196
a 102 10 10 10 109 155
a 103 10 10 41 100 175
a 104 10 10 140 187
a 105 10 10 145
a 106 11 11 26 64 95 106 116 164 197
a 107 11 11 20 61 111 186
a 108 11 11 42 71 106 143
a 109 11 11 52 54 99 179
a 110 11 11 91 124 153
a 111 11 11 1 131 160
a 112 11 11 25 35 161
a 113 11 11 24 32 58
a 114 11 11 94 160
a 115 11 11 1
a 116 12 12 10 17 66 69 76 104
a 117 12 12 35 125 169 174 176
a 118 12 12 45 127 182 193
a 119 12 12 24 42 82 105
a 120 12 12 40 96 108 148
a 121 12 12 107 131 153
a 122 12 12 89 97 111
a 123 12 12 109 142 160
a 124 12 12 33 171
a 125 12 12 39 68
a 126 12 12 91 172
a 127 12 12 104
a 128 13 13 28 71 95 163 164 175
a 129 13 13 47 104 128 161 191
a 130 13 13 7 101 104 134 177
a 131 13 13 0 43 169 198
a 132 13 13 17 41 140 142
a 133 13 13 1 7 8 164
a 134 13 13 39 123 163
a 135 13 13 97 176
a 136 13 13 131
a 137 14 14 37 71 146 168 187
a 138 14 14 7 21 31 126 189
a 139 14 14 26 33 59 74 131
a 140 14 14 7 12 34 111 148
a 141 14 14 39 67 108 141 148
a 142 14 14 42 71 94 155 165
a 143 14 14 15 33 51 53
a 144 14 14 109 124 140
a 145 14 14 25 36 63
a 146 14 14 179 185
a 147 14 14 19 51
a 148 14 14 59
a 149 15 15 5 36 44 56 91 175 196
a 150 15 15 7 105 161 182 199
a 151 15 15 13 27 40 64 103
a 152 15 15 2 99 172 176 190
a 153 15 15 2 36 104 143
a 154 15 15 61 66 157 169
a 155 15 15 13 65 70 117
a 156 15 15 4 111 150
a 157 16 16 1 88 111 113 130
a 158 16 16 8 26 36 90 188
a 159 16 16 39 58 80 111 171
a 160 16 16 60 82 88 143
a 161 16 16 54 84 95
a 162 16 16 11 20 78
a 163 16 16 23 36 100
a 164 16 16 45 49
a 165 16 16 175
a 166 16 16 21
a 167 17 17 41 53 75 128 153 182 188
a 168 17 17 46 139 146 162 175
a 169 17 17 5 24 41 115 164
a 170 17 17 2 91 105 107 197
a 171 17 17 29 103 135 162
a 172 17 17 83 85 107 163
a 173 17 17 30 49 64 143
a 174 17 17 1 48 131 161
a 175 17 17 162 167 177 183
a 176 17 17 94 125 146
a 177 17 17 34 59 74
a 178 17 17 104 193
a 179 17 17 65 189
a 180 17 17 12 31
a 181 17 17 36 94
a 182 17 17 32
a 183 18 18 18 21 42 98 139 152
a 184 18 18 1 76 108 110 148 159
a 185 18 18 13 41 70 96 102 111
a 186 18 18 9 76 108 154 164
a 187 18 18 48 60 95 112
a 188 18 18 1 52 60 116
a 189 18 18 7 114 151 194
a 190 18 18 86 156 164
a 191 18 18 171
a 192 19 19 56 76 91 136 159 189
a 193 19 19 51 82 117 142 181
a 194 19 19 54 75 115 155 169
a 195 19 19 105 124 156 189
a 196 19 19 70 85 139
a 197 19 19 20 142 180
a 198 19 19 21 37 123
a 199 19 19 58 115 125
a 200 19 19 79 134
a 201 20 20 1 15 71 72 131 135
a 202 20 20 32 87 91 126 142
a 203 20 20 23 60 126 160
a 204 20 20 22 125 132 165
a 205 20 20 17 30 52 132
a 206 20 20 35 43 160 163
a 207 20 20 55 121 129
a 208 20 20 88 134 177
a 209 20 20 72 167
a 210 21 21 12 25 48 111 151 185 189
a 211 21 21 16 37 83 161 168 195
a 212 21 21 41 70 118 133 182 193
a 213 21 21 12 122 155 167 182
a 214 21 21 1 27 74 97
a 215 21 21 7 20 32 127
a 216 21 21 0 100 176
a 217 21 21 72 141
a 218 21 21 29 117
a 219 21 21 63 121
a 220 22 22 21 42 99 100 132 141
a 221 22 22 28 39 64 75 111 182
a 222 22 22 9 118 143 144
a 223 22 22 56 113 125 156
a 224 22 22 74 123 148 154
a 225 22 22 80 128 164 168
a 226 22 22 95 126 135 165
a 227 22 22 9 30 152 182
a 228 22 22 94 119 125
a 229 22 22 84 100 196
a 230 22 22 71 171 196
a 231 22 22 56 58 185
a 232 22 22 129 143
a 233 22 22 30 152
a 234 23 23 1 43 48 77 93 117 136 170
a 235 23 23 16 18 36 111 186
a 236 23 23 36 68 109 161 195
a 237 23 23 34 36 52 111
a 238 23 23 16 41 133 151
a 239 23 23 69 98 107 160
a 240 23 23 5 17 70 80
a 241 23 23 85 119 145 153
a 242 23 23 70 147
a 243 23 23 47 99
a 244 24 24 58 82 118 126 189 199
a 245 24 24 29 51 65 123 124 162
a 246 24 24 32 57 90 97 139 164
a 247 24 24 53 59 90 139 167
a 248 24 24 32 38 198
a 249 24 24 96 195
a 250 25 25 20 43 61 82 100 108 193 196
a 251 25 25 12 70 132 170 196
a 252 25 25 23 57 77 128 183
a 253 25 25 17 78 114 115 132
a 254 25 25 59 78 128 135
a 255 25 25 46 61 126 142
a 256 25 25 1 73 79 81
a 257 25 25 81 100 158
a 258 25 25 96 190 196
a 259 25 25 1 153
a 260 25 25 112
a 261 26 26 108 109 121 150 152 153 163
a 262 26 26 92 102 111 155 174 175
a 263 26 26 10 66 72 108 198
a 264 26 26 71 164 169 175
a 265 26 26 1 13 124 126
a 266 26 26 37 57 89
a 267 26 26 59 156 161
a 268 26 26 51 79 157
a 269 27 27 19 75 103 131 143 167 186
a 270 27 27 5 57 62 66 143 190
a 271 27 27 27 45 46 174 193
a 272 27 27 75 77 88 165 166
a 273 27 27 34 48 76 111 137
a 274 27 27 56 71 73 82 145
a 275 27 27 65 104 120 147 185
a 276 27 27 34 66 69 185
a 277 27 27 19 101 116 129
a 278 27 27 61 66 81 197
a 279 27 27 29 134 165
a 280 27 27 98 121 176
a 281 28 28 27 62 63 144 174
a 282 28 28 25 77 79 120 123
a 283 28 28 113 131 151 173 189
a 284 28 28 14 23 43 157
a 285 28 28 1 23 160 178
a 286 28 28 25 57 73 101
a 287 28 28 15
a 288 29 29 4 21 78 107 120 125 159 182 183
a 289 29 29 2 5 34 37 163
a 290 29 29 18 21 65 94 142
a 291 29 29 2 66 90 140 194
a 292 29 29 69 146 177
a 293 29 29 98 175
a 294 29 29 75 113
a 295 29 29 145 187
a 296 29 29 100
a 297 30 30 5 55 74 77 83 97 116
a 298 30 30 8 30 71 89 127 188
a 299 30 30 55 137 149 169 191
a 300 30 30 99 106 116 178
a 301 30 30 32 51 101 165
a 302 30 30 43 53 105
a 303 30 30 55 192 197
a 304 30 30 1 10 113
a 305 30 30 69 169
a 306 31 31 5 10 30 90 107 121 140 159
a 307 31 31 17 69 121 125 164 174
a 308 31 31 18 64 88 96 150
a 309 31 31 132 142 145 169 187
a 310 31 31 104 131 146 175
a 311 31 31 34 118 146
a 312 31 31 12 164
a 313 31 31 77
a 314 31 31 61
a 315 32 32 27 59 186 197
a 316 32 32 43 126 145
a 317 32 32 18 148 174
a 318 32 32 10 93
a 319 32 32 96
a 320 32 32 145
a 321 33 33 39 57 77 91 106 122 175 194
a 322 33 33 76 102 161 169 193
a 323 33 33 15 42 112 128 129
a 324 33 33 21 75 133 139 197
a 325 33 33 80 108 113 192
a 326 33 33 69 94 123
a 327 33 33 75 83 182
a 328 33 33 37 129 131
a 329 33 33 12 54
a 330 33 33 7 52
a 331 33 33 117 132
a 332 33 33 40
a 333 34 34 27 97 145 147 148 153 194
a 334 34 34 72 87 117 155 185
a 335 34 34 34 42 83 186
a 336 34 34 36 66 151
a 337 34 34 24 125 183
a 338 34 34 13 178
a 339 34 34 114
a 340 35 35 8 39 94 139 146 196
a 341 35 35 16 20 75 91 152 167
a 342 35 35 49 63 85 138 163
a 343 35 35 31 39 131 147
a 344 35 35 63 85 109 143
a 345 35 35 10 27 109 145
a 346 35 35 40 49 121 180
a 347 35 35 48 157 162 189
a 348 35 35 45 103 123 155
a 349 35 35 78 95 102
a 350 35 35 24 79 198
a 351 35 35 191 194
a 352 35 35 32 38
a 353 36 36 22 72 88 117 124 153
a 354 36 36 16 98 180 184 194
a 355 36 36 88 98 159 169 182
a 356 36 36 7 9 38 80
a 357 36 36 24 101 105
a 358 36 36 15 65 178
a 359 36 36 34 119 185
a 360 36 36 90 125
a 361 36 36 45 122
a 362 36 36 107
a 363 36 36 13
a 364 37 37 3 41 45 116 129 152 195
a 365 37 37 0 66 69 123 125 159 172
a 366 37 37 26 62 65 80 105 146
a 367 37 37 33 75 95 144
a 368 37 37 38 74 84 116
a 369 37 37 90 104
a 370 37 37 41 151
a 371 37 37 21
a 372 38 38 6 21 76 95 119 168 180
a 373 38 38 5 44 46 59 167 178
a 374 38 38 50 79 88 142 161
a 375 38 38 25 82 88 187
a 376 38 38 34 39 52 127
a 377 38 38 42 110 153 172
a 378 38 38 81 150 160 168
a 379 38 38 1 67 108 114
a 380 38 38 33 95 137 171
a 381 38 38 183 187
a 382 39 39 6 102 110 115 144 177 196
a 383 39 39 10 38 48 52 105 121 179
a 384 39 39 12 17 37 124 169 178
a 385 39 39 93 105 126 149 187
a 386 39 39 37 52 82 152 164
a 387 39 39 148 152 171 199
a 388 39 39 2 73 100
a 389 39 39 62 166 167
a 390 39 39 51 78 94
a 391 39 39 116 137 169
a 392 39 39 22 97
a 393 39 39 95 191
a 394 39 39 18 180
a 395 39 39 61
a 396 40 40 16 20 60 114 160
a 397 40 40 5 40 67 155
a 398 40 40 71 112 115 129
a 399 40 40 47 146 168 187
a 400 40 40 30 130 134
a 401 40 40 60 144 162
a 402 40 40 63 91 128
a 403 40 40 112 122 160
a 404 40 40 115 163
a 405 40 40 54
a 406 40 40 78
a 407 40 40 199
a 408 40 40 21
a 409 41 41 0 134 145 174 175 198
a 410 41 41 31 105 132 159 170
a 411 41 41 42 51 64 75
a 412 41 41 134 174 187
a 413 41 41 84 95
a 414 41 41 123 145
a 415 41 41 49 84
a 416 42 42 13 95 130 133 157 195 196
a 417 42 42 64 115 149 150 155 182 188
a 418 42 42 37 70 81 95 98 177
a 419 42 42 69 109 114 188 191
a 420 42 42 19 20 75 189 194
a 421 42 42 35 74 95 127 199
a 422 42 42 36 41 47 112 128
a 423 42 42 55 67 186 197
a 424 42 42 54 111 137 158
a 425 42 42 25 90 161 192
a 426 42 42 86 92 150
a 427 42 42 11 49 175
a 428 42 42 0 9 56
a 429 42 42 39 73 74
a 430 42 42 52 56
a 431 42 42 135
a 432 42 42 57
a 433 43 43 70 72 111 116 127 157 190 192
a 434 43 43 47 56 100 110 120 137
a 435 43 43 60 61 68 69 86
a 436 43 43 68 104 120 146 162
a 437 43 43 37 72 90 158
a 438 43 43 18 21 29 154
a 439 43 43 26 86 199
a 440 43 43 143 189
a 441 43 43 12 114
a 442 43 43 116
a 443 43 43 182
a 444 44 44 15 99 124 125 181 195
a 445 44 44 10 41 120 160 171 192
a 446 44 44 4 115 127 161 174
a 447 44 44 50 79 95 142
a 448 44 44 53 56 175 192
a 449 44 44 32 34 188
a 450 44 44 7 84 175
a 451 44 44 156
a 452 44 44 1
a 453 45 45 2 42 55 73 77 139 142 149 176
a 454 45 45 31 35 45 99 105 136 143 191
a 455 45 45 4 32 118 119 131
a 456 45 45 3 98 115 128 166
a 457 45 45 23 57 135 183
a 458 45 45 10 51 90 195
a 459 45 45 102 105 188
a 460 45 45 107 146 156
a 461 45 45 1 48 124
a 462 45 45 113 146
a 463 46 46 50 54 55 163 171 195 197
a 464 46 46 31 33 40 101 128 135
a 465 46 46 13 103 108 150 156
a 466 46 46 5 44 121 148 183
a 467 46 46 69 75 108 124 175
a 468 46 46 9 41 99 153
a 469 46 46 16 63 173
a 470 46 46 55 166
a 471 47 47 5 16 28 37 109 119 145 197
a 472 47 47 95 111 124 167 198
a 473 47 47 1 2 100 148 159
a 474 47 47 15 20 118 122 146
a 475 47 47 0 4 33 154
a 476 47 47 18 101 162 168
a 477 47 47 20 30 85
a 478 47 47 194
a 479 48 48 12 28 92 163 166 167 183
a 480 48 48 80 104 107 127 157 181
a 481 48 48 36 41 82 167
a 482 48 48 9 117 156 196
a 483 48 48 87 114 116 128
a 484 48 48 47 73 182
a 485 48 48 6 82 194
a 486 48 48 83 138 144
a 487 48 48 94 152 172
a 488 48 48 1 124
a 489 48 48 96
a 490 49 49 2 53 71 120 132
a 491 49 49 21 84 130 183
a 492 49 49 4 42 48 151
a 493 49 49 21 34 150 186
a 494 49 49 113 131 157
a 495 49 49 6 185 189
a 496 49 49 12 44 60
a 497 49 49 106 121
a 498 50 50 20 42 56 83 147 187
a 499 50 50 55 76 103 153 159
a 500 50 50 10 16 85 119 152
a 501 50 50 20 32 95 100
a 502 50 50 15 36 110 162
a 503 50 50 49 65 147
a 504 51 51 13 15 37 98 99
a 505 51 51 16 87 96 171
a 506 51 51 50 137 177 179
a 507 51 51 6 16 36 170
a 508 51 51 13 161 163 185
a 509 51 51 24 102 163
a 510 51 51 0 122 170
a 511 51 51 27 52 119
a 512 51 51 28 69 134
a 513 51 51 15 40 89
a 514 51 51 6 49 186
a 515 51 51 7 176
a 516 51 51 111 192
a 517 52 52 29 41 46 73 135 170 173 196
a 518 52 52 77 79 82 88 149 174
a 519 52 52 20 93 114 132 162 193
a 520 52 52 36 49 53 66 127
a 521 52 52 61 67 93 145
a 522 52 52 25 55 153 159
a 523 52 52 49 104 151
a 524 52 52 8 29 187
a 525 52 52 43 185
a 526 52 52 130 137
a 527 52 52 119
a 528 53 53 1 44 53 79 116 151 178
a 529 53 53 11 15 32 49 123 124
a 530 53 53 64 65 106 116 132
a 531 53 53 14 40 108 124
a 532 53 53 78 120 123 147
a 533 53 53 14 79 143
a 534 54 54 23 58 83 84 145 153 195
a 535 54 54 3 8 42 77 156 183
a 536 54 54 70 143 149 152 164
a 537 54 54 13 18 112
a 538 55 55 83 93 142 182 192 196
a 539 55 55 56 71 82 95 102 141
a 540 55 55 48 49 131 169 184
a 541 55 55 22 32 98 173 195
a 542 55 55 18 34 109 133 189
a 543 55 55 11 41 75 183
a 544 55 55 5 38 171
a 545 55 55 19 118 130
a 546 55 55 148 188
a 547 56 56 36 64 101 160 187
a 548 56 56 52 87 127 152 182
a 549 56 56 4 132 163 168
a 550 56 56 50 145 152
a 551 56 56 34 89 154
a 552 56 56 8 111 144
a 553 56 56 43 142
a 554 57 57 3 14 20 21 91 109 164 166
a 555 57 57 24 40 41 68 152 170
a 556 57 57 28 32 53 107 155 185
a 557 57 57 29 41 107 143
a 558 57 57 95 134 173
a 559 57 57 13 76 159
a 560 58 58 3 96 159 178 186 197
a 561 58 58 60 122 138 161 190
a 562 58 58 75 100 147 185 193
a 563 58 58 59 79 113 145 178
a 564 58 58 41 53 145 182
a 565 58 58 18 28
a 566 59 59 20 22 136 158 169
a 567 59 59 29 34 148 164 182
a 568 59 59 3 26 117 131 191
a 569 59 59 11 16 35 63 190
a 570 59 59 3 31 91 175 193
a 571 59 59 36 64 73 97
a 572 59 59 54 97 153 184
a 573 59 59 10 26 165
a 574 59 59 12 94 192
a 575 59 59 47 50 111
a 576 59 59 66 110
a 577 59 59 7
a 578 60 60 3 62 79 109 114 154 196
a 579 60 60 6 38 72 150 190 195
a 580 60 60 24 120 137 151 177
a 581 60 60 6 76 164 189 196
a 582 60 60 30 64 153 166
a 583 60 60 40 91 172
a 584 60 60 46 63 131
a 585 60 60 46 74 105
a 586 60 60 104 105 112
a 587 60 60 62 144 182
a 588 60 60 9 130
a 589 60 60 48 142
a 590 60 60 35 141
a 591 60 60 198
a 592 60 60 170
a 593 61 61 45 90 113 130 160 165
a 594 61 61 59 62 78 100 120 163
a 595 61 61 97 99 115 124 197
a 596 61 61 26 35 125 175
a 597 61 61 51 61 169 188
a 598 61 61 37 83 149
a 599 61 61 137 152 182
a 600 61 61 129 138 164
a 601 61 61 39 45 92
a 602 61 61 24 109 169
a 603 61 61 14 133 157
a 604 62 62 1 32 69 125 127 128 168 183
a 605 62 62 8 67 98 128 140 163
a 606 62 62 8 66 83 154 161
a 607 62 62 17 91 149 170
a 608 62 62 36 78 102 159
a 609 62 62 81 112 168
a 610 62 62 32 74 156
a 611 62 62 121 176 185
a 612 62 62 168 177 189
a 613 62 62 16 60 153
a 614 62 62 57 72 124
a 615 62 62 90 180
a 616 62 62 121 168
a 617 62 62 97 104
a 618 62 62 33 77
a 619 62 62 38
a 620 63 63 14 39 47 61 93 97 112 144 177 180 190 195
a 621 63 63 20 37 38 82 143 178
a 622 63 63 23 82 85 125 137
a 623 63 63 15 102 105 106 110
a 624 63 63 12 19 85 150 165
a 625 63 63 72 128 144 173 183
a 626 63 63 41 51 58 108
a 627 63 63 24 80 114 139
a 628 63 63 9 13 112
a 629 63 63 38 47 136
a 630 63 63 28 114 179
a 631 63 63 46 72
a 632 63 63 14 98
a 633 63 63 148
a 634 64 64 27 43 44 80 121 123 152 192
a 635 64 64 6 23 35 49 60 95 140
a 636 64 64 8 15 33 88 130 163 179
a 637 64 64 35 52 76 113 142 158
a 638 64 64 61 83 139 152 191 196
a 639 64 64 43 64 78 100 186
a 640 64 64 97 125 159 169 171
a 641 64 64 5 16 53 58
a 642 64 64 20 157 168 186
a 643 64 64 109 121 139
a 644 64 64 49 69 164
a 645 64 64 0 165 171
a 646 64 64 39 58 170
a 647 64 64 56 154
a 648 64 64 44 88
a 649 64 64 176
a 650 65 65 10 104 128 146 147 175
a 651 65 65 10 15 125 144 170
a 652 65 65 50 68 87 164 178
a 653 65 65 34 73 114 140
a 654 65 65 66 82 84 170
a 655 65 65 44 84 107 161
a 656 65 65 6 26 73 87
a 657 65 65 35 97 156
a 658 65 65 82 193
a 659 66 66 21 44 142 167 185
a 660 66 66 48 60 76 112 140
a 661 66 66 38 41 61 150 177
a 662 66 66 131 149 176
a 663 66 66 69 155 176
a 664 66 66 11 17 189
a 665 66 66 84 105
a 666 66 66 124 197
a 667 66 66 0 35
a 668 66 66 157
a 669 67 67 0 2 31 54 59 137 145 158 166 199
a 670 67 67 8 22 42 62 97 174 187
a 671 67 67 5 57 96 103 167 175
a 672 67 67 68 138 166
a 673 67 67 116 123 177
a 674 67 67 68 123
a 675 67 67 78 190
a 676 67 67 29 59
a 677 67 67 184
a 678 68 68 13 42 50 67 83 117
a 679 68 68 4 18 46 61 121
a 680 68 68 30 31 50 104 154
a 681 68 68 28 67 112 132 159
a 682 68 68 126 141 157 160 162
a 683 68 68 87 98 109 138 142
a 684 68 68 57 67 70 88 179
a 685 68 68 13 88 150 195
a 686 68 68 0 35 65 83
a 687 68 68 0 3 17 130
a 688 68 68 60 126 160
a 689 68 68 1 35 45
a 690 68 68 6 47 63
a 691 68 68 92 191
a 692 68 68 46 64
a 693 68 68 98 173
a 694 68 68 44
a 695 69 69 7 32 112 165 170
a 696 69 69 85 122 155 185
a 697 69 69 109 138 149 190
a 698 69 69 47 138 157 171
a 699 69 69 76 102 171
a 700 69 69 28 178 186
a 701 69 69 40 113 153
a 702 69 69 39 93 175
a 703 69 69 64 199
a 704 69 69 10 175
a 705 69 69 8
a 706 70 70 13 58 62 115 130 162 178
a 707 70 70 20 78 79 84 162
a 708 70 70 75 82 162 183
a 709 70 70 84 166 198
a 710 70 70 100 149
a 711 71 71 35 96 110 131 158 182 193
a 712 71 71 38 77 85 114 132 157
a 713 71 71 27 147 156 180 194
a 714 71 71 8 54 76 121 125
a 715 71 71 28 79 145 178
a 716 71 71 8 34 148 164
a 717 71 71 63 81 93
a 718 71 71 69 122 127
a 719 71 71 103 145
a 720 71 71 20 175
a 721 72 72 2 36 65 93 141 176
a 722 72 72 0 82 135 157 168 194
a 723 72 72 16 46 54 55 63 172
a 724 72 72 32 107 148 178 186
a 725 72 72 185
a 726 73 73 7 15 24 38 53 63 172 174 191
a 727 73 73 27 47 55 63 82 91 125 127
a 728 73 73 60 73 127 177 187
a 729 73 73 12 46 51 143
a 730 73 73 11 13 35 45
a 731 73 73 5 101 128 136
a 732 73 73 81 118 150 170
a 733 73 73 11 53 66 72
a 734 73 73 107 135 150
a 735 73 73 65 74
a 736 74 74 44 45 75 78 88 132
a 737 74 74 10 56 107 129 181
a 738 74 74 84 128 144 183
a 739 74 74 117 123 126 136
a 740 74 74 38 54 68 91
a 741 74 74 76 120 125
a 742 75 75 6 44 67 104 132 137 145 149 166 195
a 743 75 75 8 14 37 44 63 88 113 128 129 181
a 744 75 75 11 63 65 113 137 148 172
a 745 75 75 9 15 75 87 137
a 746 75 75 7 54 90 93 130
a 747 75 75 45 80 132 174
a 748 75 75 41 142 145 189
a 749 75 75 41 47 62 179
a 750 75 75 51 82 109 135
a 751 75 75 91 111 186
a 752 75 75 53 78
a 753 75 75 45 69
a 754 75 75 159
a 755 76 76 31 52 121 122 176 190
a 756 76 76 3 55 82 152 165 187
a 757 76 76 80 127 153 166 188 189
a 758 76 76 107 125 127 130 133 182
a 759 76 76 31 90 140 144 192
a 760 76 76 34 49 95 108 115
a 761 76 76 36 53 100 143
a 762 76 76 0 83 143 164
a 763 76 76 13 53 88 193
a 764 76 76 18 152 158
a 765 76 76 22 103 187
a 766 76 76 14 96 147
a 767 76 76 63 137 174
a 768 76 76 58 91 153
a 769 76 76 119 138 197
a 770 76 76 50 101 184
a 771 76 76 131 194
a 772 76 76 93 97
a 773 76 76 61 128
a 774 77 77 65 72 79 84 100 173 195
a 775 77 77 18 50 51 59 136 173 178
a 776 77 77 70 93 146 159 193
a 777 77 77 10 13 78 168 183
a 778 77 77 6 149 153 159
a 779 77 77 82 103 115 135
a 780 77 77 84 94 108
a 781 77 77 69 82 128
a 782 77 77 138 150
a 783 78 78 9 36 59 60 81 177 198
a 784 78 78 28 53 70 80
a 785 78 78 61 99 111
a 786 78 78 81
a 787 78 78 128
a 788 79 79 38 52 63 88 98 119
a 789 79 79 12 15 55 61 112 134
a 790 79 79 6 20 29 112 188
a 791 79 79 24 26 57 89 112
a 792 79 79 91 105 149 161 180
a 793 79 79 116 122 125 183
a 794 79 79 15 71 155 164
a 795 79 79 95 129 156
a 796 79 79 62 104 188
a 797 79 79 88 164 199
a 798 79 79 90 176
a 799 80 80 6 25 29 90 113 154 167
a 800 80 80 44 89 131 156 174 197
a 801 80 80 87 104 123 147 186
a 802 80 80 68 101 146 154 164
a 803 80 80 59 60 81 172
a 804 80 80 44 82 166 170
a 805 80 80 29 54 139 152
a 806 80 80 95 124 127 183
a 807 80 80 0 125 142 146
a 808 80 80 64 114 182
a 809 80 80 61 110 174
a 810 80 80 14 115
a 811 81 81 12 65 67 85 141 142 147
a 812 81 81 42 52 76 96 122 172 196
a 813 81 81 2 87 147 193 198
a 814 81 81 9 12 45 53 135
a 815 81 81 32 128 150 162
a 816 81 81 1 99 179
a 817 81 81 82
a 818 82 82 23 53 56 132 156 162 171 177
a 819 82 82 21 89 101 116 140 171 180
a 820 82 82 1 20 23 106 164 166
a 821 82 82 34 37 134 159 161
a 822 82 82 30 38 48 56
a 823 82 82 4 192 195
a 824 82 82 83 123 141
a 825 82 82 57 61
a 826 82 82 10 152
a 827 82 82 131
a 828 83 83 5 24 89 126 156
a 829 83 83 53 57 61 196
a 830 83 83 4 5 86 129
a 831 83 83 103 126 190
a 832 83 83 72 79 152
a 833 83 83 53 68
a 834 84 84 92 94 97 108 123 158 169 177
a 835 84 84 0 12 44 67 83 116 131 152
a 836 84 84 4 65 88 107 114 128 129
a 837 84 84 49 69 124 168 173 176
a 838 84 84 12 29 70 98 111 135
a 839 84 84 17 37 103 106 165
a 840 84 84 20 45 139 149
a 841 84 84 17 25 61 116
a 842 84 84 45 109 184
a 843 84 84 46 87 162
a 844 84 84 13 133 189
a 845 84 84 6 131
a 846 84 84 77 189
a 847 84 84 42
a 848 85 85 26 73 124 143 148 159 163
a 849 85 85 24 46 77 119 127 159
a 850 85 85 6 94 136 148 163
a 851 85 85 44 45 101 142 158
a 852 85 85 32 79 157 178
a 853 85 85 11 114 122 160
a 854 85 85 46 51 65 166
a 855 85 85 1 57 146
a 856 85 85 73 104 146
a 857 85 85 18 26 109
a 858 86 86 1 4 6 41 121 152 184
a 859 86 86 27 31 39 50 58 136 141
a 860 86 86 6 19 32 59 168 194
a 861 86 86 98 137 160 175
a 862 86 86 30 49 60 95
a 863 86 86 52 113 128 141
a 864 86 86 139 147 176 182
a 865 86 86 121 125 136
a 866 86 86 81 156 180
a 867 86 86 3 28
a 868 86 86 12 29
a 869 86 86 21 74
a 870 87 87 42 55 61 112
a 871 87 87 16 44 71
a 872 87 87 108 149 151
a 873 87 87 57 157 184
a 874 88 88 9 78 91 118 154 165
a 875 88 88 0 5 10 80 132
a 876 88 88 38 57 100 126 158
a 877 88 88 131 143 156 158 197
a 878 88 88 58 91 109 137 181
a 879 88 88 5 51 154 195
a 880 88 88 15 96 99 120
a 881 88 88 12 27 58
a 882 88 88 26 133 156
a 883 88 88 39 98 137
a 884 88 88 68
a 885 89 89 51 66 92 123 137 151
a 886 89 89 6 34 59 147 178 181
a 887 89 89 35 81 90 161 184
a 888 89 89 13 81 89 116 191
a 889 89 89 87 92 136 184
a 890 89 89 29 69 124 128
a 891 89 89 26 60 80
a 892 89 89 166 196
a 893 90 90 53 85 137 149 165 167 178
a 894 90 90 74 112 122 130 160
a 895 90 90 5 10 26 124 194
a 896 90 90 1 19 127 197
a 897 90 90 18 61 120 132
a 898 90 90 6 116 193
a 899 90 90 50 174
a 900 90 90 69 156
a 901 90 90 94 105
a 902 90 90 64 168
a 903 91 91 22 48 50 106 115 126 135
a 904 91 91 88 105 114 120 165
a 905 91 91 24 38 80
a 906 91 91 90 167 168
a 907 91 91 10 167 193
a 908 91 91 87 107
a 909 91 91 45 179
a 910 92 92 13 70 92 164
a 911 92 92 7 12 116 161
a 912 92 92 22 61 192 196
a 913 92 92 31 59 165 169
a 914 92 92 18 184 186
a 915 92 92 5 126 162
a 916 92 92 19 167
a 917 92 92 54 131
a 918 92 92 182
a 919 92 92 76
a 920 93 93 11 34 46 63 168 186
a 921 93 93 5 6 82 116 160
a 922 93 93 4 16 173 175
a 923 93 93 6 11 130 198
a 924 93 93 1 103 165
a 925 93 93 28 165 172
a 926 93 93 4 35 75
a 927 93 93 71 141 147
a 928 93 93 129 132 155
a 929 93 93 8 118
a 930 93 93 26 172
a 931 94 94 18 55 90 95 150
a 932 94 94 35 52 113 139 175
a 933 94 94 21 32 85 86 105
a 934 94 94 80 109 146 177
a 935 94 94 78 93 183 184
a 936 94 94 4 182 198
a 937 94 94 58 142 159
a 938 94 94 7 52 53
a 939 94 94 66 83 142
a 940 94 94 24 53
a 941 94 94 41 159
a 942 95 95 46 61 88 114 154 167
a 943 95 95 40 42 44 76 86
a 944 95 95 5 50 85 121 169
a 945 95 95 41 60 72 83 193
a 946 95 95 102 116 163 188
a 947 95 95 6 83 158 163
a 948 95 95 60 147
a 949 96 96 8 22 31 35 42 148 156 159 172 182
a 950 96 96 112 117 186 191 193
a 951 96 96 24 29 137 142
a 952 96 96 28 37 73 154
a 953 96 96 86 165 181
a 954 96 96 100 196
a 955 96 96 19 139
a 956 96 96 101
a 957 96 96 148
a 958 97 97 5 36 60 110 160 162 172
a 959 97 97 21 22 64 66 113 155
a 960 97 97 132 159 169 182 183 197
a 961 97 97 4 13 103 119 137 138
a 962 97 97 18 103 120 134 198
a 963 97 97 23 38 50 144
a 964 97 97 40 134 149 168
a 965 97 97 34 100 157 199
a 966 97 97 90 113 158
a 967 97 97 7 30 161
a 968 97 97 50 177
a 969 98 98 62 84 88 100 142 198
a 970 98 98 1 39 87 148 167 180
a 971 98 98 68 109 118 132 177 185
a 972 98 98 69 77 84 140 141
a 973 98 98 10 63 118 153 174
a 974 98 98 3 73 80 82 111
a 975 98 98 31 60 122 126
a 976 98 98 5 33 133
a 977 98 98 84 104 176
a 978 98 98 56 141 154
a 979 98 98 128 195
a 980 99 99 12 34 51 66 137 163 173 199
a 981 99 99 4 9 28 48 154 188
a 982 99 99 0 38 75 82 85 139
a 983 99 99 51 134 188 196 199
a 984 99 99 44 55 63 116 156
a 985 99 99 13 62 103 131 185
a 986 99 99 9 35 124 155 198
a 987 99 99 118 128 151 170 199
a 988 99 99 64 70 151 187
a 989 99 99 49 81 102 103
a 990 99 99 52 58 65 72
a 991 99 99 59 102 124 196
a 992 99 99 4 5 49
a 993 99 99 1 69 105
a 994 99 99 64 91 138
a 995 99 99 2 120
a 996 99 99 31 45
a 997 100 100 20 93 111 198
a 998 100 100 40 72 140 167
a 999 100 100 34 110 197
s 0 1
s 1 1
s 2 1
s 3 1
s 4 1
s 5 1
s 6 1
s 7 1
s 8 1
s 9 1
s 10 1
s 11 1
s 12 1
s 13 1
s 14 1
s 15 1
s 16 1
s 17 1
s 18 1
s 19 1
s 20 1
s 21 1
s 22 1
s 23 1
s 24 1
s 25 1
s 26 1
s 27 1
s 28 1
s 29 1
s 30 1
s 31 1
s 32 1
s 33 1
s 34 1
s 35 1
s 36 1
s 37 1
s 38 1
s 39 1
s 40 1
s 41 1
s 42 1
s 43 1
s 44 1
s 45 1
s 46 1
s 47 1
s 48 1
s 49 1
s 50 1
s 51 1
s 52 1
s 53 1
s 54 1
s 55 1
s 56 1
s 57 1
s 58 1
s 59 1
s 60 1
s 61 1
s 62 1
s 63 1
s 64 1
s 65 1
s 66 1
s 67 1
s 68 1
s 69 1
s 70 1
s 71 1
s 72 1
s 73 1
s 74 1
s 75 1
s 76 1
s 77 1
s 78 1
s 79 1
s 80 1
s 81 1
s 82 1
s 83 1
s 84 1
s 85 1
s 86 1
s 87 1
s 88 1
s 89 1
s 90 1
s 91 1
s 92 1
s 93 1
s 94 1
s 95 1
s 96 1
s 97 1
s 98 1
s 99 1
s 100 1
s 101 1
s 102 1
s 103 1
s 104 1
s 105 1
s 106 1
s 107 1
s 108 1
s 109 1
s 110 1
s 111 1
s 112 1
s 113 1
s 114 1
s 115 1
s 116 1
s 117 1
s 118 1
s 119 1
s 120 1
s 121 1
s 122 1
s 123 1
s 124 1
s 125 1
s 126 1
s 127 1
s 128 1
s 129 1
s 130 1
s 131 1
s 132 1
s 133 1
s 134 1
s 135 1
s 136 1
s 137 1
s 138 1
s 139 1
s 140 1
s 141 1
s 142 1
s 143 1
s 144 1
s 145 1
s 146 1
s 147 1
s 148 1
s 149 1
s 150 1
s 151 1
s 152 1
s 153 1
s 154 1
s 155 1
s 156 1
s 157 1
s 158 1
s 159 1
s 160 1
s 161 1
s 162 1
s 163 1
s 164 1
s 165 1
s 166 1
s 167 1
s 168 1
s 169 1
s 170 1
s 171 1
s 172 1
s 173 1
s 174 1
s 175 1
s 176 1
s 177 1
s 178 1
s 179 1
s 180 1
s 181 1
s 182 1
s 183 1
s 184 1
s 185 1
s 186 1
s 187 1
s 188 1
s 189 1
s 190 1
s 191 1
s 192 1
s 193 1
s 194 1
s 195 1
s 196 1
s 197 1
s 198 1
s 199 1
