p 1000 200
a 0 1 1 38 54 63 97 125 128 195
a 1 1 1 99 114 160 161 164 166
a 2 1 1 147 152 164 168
a 3 1 1 56 57 61 97
a 4 1 1 121 160 184
a 5 1 1 28 47 119
a 6 1 1 70 83 180
a 7 1 1 44 120 127
a 8 1 1 100 105
a 9 1 1 13
a 10 1 1 86
a 11 2 2 24 55 175 179
a 12 2 2 60 130 146 151
a 13 2 2 16 52 61 88
a 14 2 2 81 144 176
a 15 2 2 15 147 159
a 16 2 2 148 164 170
a 17 2 2 72 110
a 18 2 2 74
a 19 3 3 8 12 62 162 166
a 20 3 3 2 7 135 146 150
a 21 3 3 26 39 108 137 150
a 22 3 3 59 79 176 187
a 23 3 3 32 96 108 154
a 24 3 3 63 80 143 159
a 25 3 3 10 111 117 167
a 26 3 3 7 44 145
a 27 3 3 109 120
a 28 3 3 179
a 29 4 4 50 82 133 140 153 156 197
a 30 4 4 2 33 45 60 104
a 31 4 4 21 58 113 115 146
a 32 4 4 62 69 81 110 191
a 33 4 4 1 38 197
a 34 4 4 9 90 198
a 35 4 4 141
a 36 5 5 28 43 49 67 125 160 168
a 37 5 5 4 6 26 86 95 130
a 38 5 5 16 37 172 196
a 39 5 5 66 137 177 184
a 40 5 5 23 66 174
a 41 5 5 0 154 167
a 42 5 5 135 154
a 43 5 5 39 138
a 44 6 6 19 21 48 50 54 78 116 121
a 45 6 6 1 9 53 67 127 154 176
a 46 6 6 61 76 119 176 192
a 47 6 6 1 106 115 119
a 48 6 6 78 99 146 170
a 49 6 6 30 81 99 177
a 50 6 6 102 115 154 178
a 51 6 6 105 186
a 52 6 6 83 118
a 53 6 6 28 46
a 54 7 7 24 67 105 126 127 129 146 174
a 55 7 7 33 57 80 97 145 150
a 56 7 7 14 39 49 107 174
a 57 7 7 17 116 128 133 172
a 58 7 7 14 44 95 136
a 59 7 7 0 135 164 175
a 60 7 7 26 108 158 184
a 61 7 7 4 143 149 168
a 62 7 7 19 63 88
a 63 7 7 2 54 74
a 64 7 7 16 100 136
a 65 7 7 115
a 66 7 7 6
a 67 8 8 3 31 32 126 144
a 68 8 8 4 11 29 64 162
a 69 8 8 86 113 144 147
a 70 8 8 6 58 60 186
a 71 8 8 39 76 104 157
a 72 8 8 3 124 125
a 73 9 9 14 50 55 69 88 117 133 143
a 74 9 9 4 16 140 152 172
a 75 9 9 11 66 73 102 146
a 76 9 9 137 141
a 77 10 10 45 61 97 141 173 194 197
a 78 10 10 1 11 60 159 198
a 79 10 10 22 65 80 86 123
a 80 10 10 8 105 122 124
a 81 10 10 1 113 161 167
a 82 10 10 124 142 165
a 83 10 10 55 113 151
a 84 10 10 11 88
a 85 10 10 16 174
a 86 10 10 114 196
a 87 11 11 11 39 51 93 110 120 128 135 137
a 88 11 11 34 102 133 141 151
a 89 11 11 42 81 143 157 196
a 90 11 11 0 71 126 151 157
a 91 11 11 94 133 156 198
a 92 11 11 89 116 154 168
a 93 11 11 11 67 153 193
a 94 11 11 97 129 143
a 95 11 11 121 148 196
a 96 11 11 32 65
a 97 11 11 194
a 98 12 12 18 45 128 139 149
a 99 12 12 82 109 133 136 179
a 100 12 12 62 66 154 164
a 101 12 12 19 41 80 156
a 102 12 12 28 79 126 183
a 103 12 12 28 32 46 151
a 104 12 12 25 104 143
a 105 12 12 60 71 160
a 106 12 12 104 143 152
a 107 13 13 11 71 75 102 124 126
a 108 13 13 76 89 154 157 166 194
a 109 13 13 18 43 103 127 149
a 110 13 13 17 76 96 112 121
a 111 13 13 107 109 126 148 193
a 112 13 13 34 145 151 186
a 113 13 13 46 165
a 114 14 14 95 122 124 166 173
a 115 14 14 39 44 67 98 103
a 116 14 14 17 44 91 132 197
a 117 14 14 11 36 49 53 169
a 118 14 14 24 113 175 185
a 119 14 14 29 30 39 90
a 120 14 14 20 63 176 188
a 121 14 14 53 120 139
a 122 14 14 40 118 174
a 123 14 14 3 173 190
a 124 14 14 59 101
a 125 15 15 18 50 80 146 155 183 184
a 126 15 15 23 30 40 51 114 176
a 127 15 15 19 33 80 160
a 128 15 15 10 83 84 89
a 129 15 15 152 162 189
a 130 15 15 168 171 174
a 131 15 15 79 99 119
a 132 15 15 50 141
a 133 15 15 161 172
a 134 16 16 23 51 111 158 165
a 135 16 16 24 30 51 111 174
a 136 16 16 43 80 99 119 158
a 137 16 16 18 21 48 139
a 138 16 16 56 136 140
a 139 16 16 0 114 174
a 140 16 16 39 138 183
a 141 16 16 85 156
a 142 16 16 91 92
a 143 16 16 56 111
a 144 16 16 55 154
a 145 17 17 2 33 60 96 118 132 134 171 181
a 146 17 17 32 54 74 126 144 164 176
a 147 17 17 0 70 106 147 188
a 148 17 17 23 28 154 161 185
a 149 17 17 90 102 160 166 183
a 150 17 17 15 65 101 130
a 151 17 17 65 134 138 148
a 152 17 17 22 185 192
a 153 17 17 64 84 102
a 154 17 17 51 57 155
a 155 17 17 20 158
a 156 17 17 78
a 157 18 18 29 30 48 95 114 189
a 158 18 18 18 25 125 191 198
a 159 18 18 17 22 53 66 147
a 160 18 18 1 55 96 107
a 161 18 18 31 36 59 128
a 162 18 18 49 123 146 160
a 163 18 18 91 135 176 181
a 164 18 18 14 33 171 199
a 165 18 18 18 126 137
a 166 18 18 33 75 193
a 167 18 18 77 95 129
a 168 18 18 111 134
a 169 18 18 36 166
a 170 18 18 100
a 171 19 19 15 54 67 91 135 140
a 172 19 19 17 144 146 158 173 178
a 173 19 19 3 59 113 116 194
a 174 19 19 16 64 68 90 91
a 175 19 19 3 24 114
a 176 19 19 48 109 159
a 177 19 19 32 180 192
a 178 19 19 83 193 199
a 179 19 19 130 182
a 180 19 19 101 115
a 181 19 19 42 55
a 182 20 20 28 48 77 89 156 174 181
a 183 20 20 16 25 77 125 126 161
a 184 20 20 9 82 94 180 184
a 185 20 20 17 68 130 162 184
a 186 20 20 25 67 131 150 160
a 187 20 20 7 42 153 184
a 188 20 20 34 42 70 81
a 189 20 20 105 130 153 177
a 190 20 20 80 165 166 195
a 191 20 20 88 130 131
a 192 20 20 86 94 173
a 193 20 20 4 47 52
a 194 20 20 64 119 188
a 195 20 20 31 181
a 196 21 21 21 32 40 94 170
a 197 21 21 16 99 159 171 185
a 198 21 21 94 114 170 194
a 199 21 21 49 93 135 161
a 200 21 21 33 49 58
a 201 21 21 21 35 194
a 202 21 21 13 136
a 203 21 21 49 180
a 204 22 22 7 11 92 155 173 193
a 205 22 22 2 6 24 69 81 109
a 206 22 22 25 97 121 176 177
a 207 22 22 33 58 149 196
a 208 22 22 46 139 190 192
a 209 22 22 77 180 181 182
a 210 22 22 47 107 178
a 211 22 22 49 55 142
a 212 22 22 10 126
a 213 22 22 44 127
a 214 22 22 51 180
a 215 22 22 149 153
a 216 23 23 3 23 30 144 161 187
a 217 23 23 19 25 48 192 196
a 218 23 23 26 89 103 122 182
a 219 23 23 47 72 89 134 141
a 220 23 23 37 56 141 190
a 221 23 23 6 41 55 138
a 222 23 23 14 46 127 145
a 223 23 23 61 69 77 154
a 224 23 23 42 52 70
a 225 23 23 111 119 153
a 226 23 23 20 33 40
a 227 23 23 76
a 228 23 23 99
a 229 24 24 25 40 58 93 94 138 162 168
a 230 24 24 8 61 98 111 126
a 231 24 24 34 109 172
a 232 24 24 38 113
a 233 24 24 49 145
a 234 25 25 0 31 50 53 113 191
a 235 25 25 45 87 134 150 184 186
a 236 25 25 112 122 127
a 237 25 25 126 156 180
a 238 25 25 20 71 186
a 239 25 25 21 75 109
a 240 25 25 60 173
a 241 26 26 27 41 81 115 126
a 242 26 26 103 105 143 194
a 243 26 26 19 67 133 186
a 244 26 26 108 116 135
a 245 26 26 46 188
a 246 26 26 83 131
a 247 26 26 183
a 248 27 27 8 9 10 20 104 189
a 249 27 27 17 60 102 136 167
a 250 27 27 17 22 35 140 151
a 251 27 27 62 98 113 175
a 252 27 27 51 64 112 153
a 253 27 27 8 66 136 183
a 254 27 27 8 109 121 143
a 255 27 27 1 10 37
a 256 27 27 85 99 115
a 257 27 27 160 193
a 258 27 27 93 107
a 259 28 28 17 45 51 80 82 94 164
a 260 28 28 73 80 151 160 166 182
a 261 28 28 29 46 51 64 79
a 262 28 28 19 66 71 95
a 263 28 28 87 148 175
a 264 28 28 113 139 196
a 265 28 28 0 127
a 266 28 28 31 59
a 267 28 28 13
a 268 29 29 21 85 137 169
a 269 29 29 50 75 77 101
a 270 29 29 8 81 146
a 271 29 29 103 110 189
a 272 29 29 12 42
a 273 29 29 35 187
a 274 29 29 71 135
a 275 29 29 93
a 276 30 30 27 57 61 90 112 184 190
a 277 30 30 4 101 156 159 182 195
a 278 30 30 100 120 126 145 198
a 279 30 30 38 70 87 99 131
a 280 30 30 2 91 136 142
a 281 30 30 9 41 63 170
a 282 30 30 14 55 69 113
a 283 30 30 152 153 158
a 284 30 30 1 50 161
a 285 30 30 4 49
a 286 30 30 52 161
a 287 31 31 5 22 48 58 66 106 107
a 288 31 31 38 82 179 191
a 289 31 31 117 133 148 192
a 290 31 31 11 64 170 193
a 291 31 31 86 170 194
a 292 31 31 58 146 174
a 293 31 31 19 27 192
a 294 31 31 56 197
a 295 32 32 2 140 142 143 144 187
a 296 32 32 99 111 159 182
a 297 32 32 14 41 123
a 298 32 32 46 144 173
a 299 32 32 31 165
a 300 32 32 123 183
a 301 32 32 81
a 302 32 32 89
a 303 32 32 66
a 304 33 33 83 119 130 150
a 305 33 33 32 46 101 149
a 306 33 33 19 68 70 94
a 307 33 33 6 61 92 161
a 308 33 33 3 89 173
a 309 33 33 3 110 160
a 310 33 33 85 92
a 311 33 33 15 27
a 312 34 34 18 55 92 99 120 191
a 313 34 34 38 42 52 79 138 181
a 314 34 34 35 119 127 155 165 192
a 315 34 34 34 54 99 150 170
a 316 34 34 27 60 138 154 180
a 317 34 34 22 74 76 85 190
a 318 34 34 32 96 101 152
a 319 34 34 33 126 199
a 320 34 34 84 175 183
a 321 34 34 64 194
a 322 34 34 176 181
a 323 34 34 60 128
a 324 35 35 12 61 62 82 145 175
a 325 35 35 41 55 124 137 142 171
a 326 35 35 0 2 42 47 76 139
a 327 35 35 0 55 63 134 193
a 328 35 35 30 45 124 193
a 329 35 35 17 129 148
a 330 35 35 10 24 138
a 331 35 35 32 115
a 332 35 35 1 55
a 333 36 36 4 24 88 125 156 173 174
a 334 36 36 31 65 77 94 118 180
a 335 36 36 72 153 157 194
a 336 36 36 29 100 164 171
a 337 36 36 57 65 91 154
a 338 36 36 1 42 119
a 339 36 36 22 76 98
a 340 36 36 68 124 175
a 341 36 36 105 165
a 342 36 36 102 150
a 343 37 37 6 22 29 78 121 161
a 344 37 37 16 18 68 97 178
a 345 37 37 27 66 172 175 196
a 346 37 37 34 38 41 103 123
a 347 37 37 20 49 129 139
a 348 37 37 51 128 187 197
a 349 37 37 65 69 103 141
a 350 37 37 48 142 149
a 351 37 37 113 161 170
a 352 37 37 28 187
a 353 37 37 110 177
a 354 38 38 4 26 84 160 170 173
a 355 38 38 6 27 67 117 158 186
a 356 38 38 26 64 112 124 150 172
a 357 38 38 10 12 146 147
a 358 38 38 150 178 189
a 359 38 38 22 133
a 360 38 38 128
a 361 38 38 175
a 362 39 39 34 84 110 130 134
a 363 39 39 45 53 57 121 181
a 364 39 39 59 106 151 176
a 365 39 39 17 84 162
a 366 39 39 47 109 154
a 367 39 39 139
a 368 40 40 64 68 75 79 85 113 178
a 369 40 40 13 35 45 105 145
a 370 40 40 99 151 181 190
a 371 40 40 48 79 107 196
a 372 40 40 1 93 115 168
a 373 40 40 37 138 142 181
a 374 40 40 7 21 63
a 375 40 40 41 48 59
a 376 40 40 12 15 155
a 377 40 40 6 71 155
a 378 40 40 54 112 181
a 379 40 40 102 126 177
a 380 40 40 51 63 141
a 381 40 40 6 194
a 382 41 41 104 133 154 160
a 383 41 41 39 55 144 193
a 384 41 41 107 155 196
a 385 41 41 90 110 190
a 386 41 41 144 162 174
a 387 41 41 49 144 199
a 388 42 42 26 47 81 83 104 127 131 168 178
a 389 42 42 1 11 60 72 97 149 171
a 390 42 42 15 28 58 110 146 161
a 391 42 42 79 102 151 155 162 195
a 392 42 42 54 57 73 153 191
a 393 42 42 25 135 153 168
a 394 42 42 34 37 68 114
a 395 42 42 115 135 137 138
a 396 42 42 35 98 143 161
a 397 42 42 70 157
a 398 42 42 87 198
a 399 42 42 38 47
a 400 43 43 98 163 169 176 192
a 401 43 43 28 78 179 192 197
a 402 43 43 66 77 105 160
a 403 43 43 51 68 75 141
a 404 43 43 1 18 74 183
a 405 43 43 33 62 197
a 406 43 43 55 112 190
a 407 43 43 16 81 116
a 408 43 43 20 29 188
a 409 43 43 31 46 185
a 410 44 44 38 42 72 127 168
a 411 44 44 58 83 107 116
a 412 44 44 140 142 169 179
a 413 44 44 13 162
a 414 44 44 55 179
a 415 45 45 32 42 47 66 163 174
a 416 45 45 12 26 119 122 145 192
a 417 45 45 77 84 100 113 152 181
a 418 45 45 45 92 102 151 186 191
a 419 45 45 1 72 154 171 182
a 420 45 45 81 95 131 180
a 421 45 45 69 116 179
a 422 46 46 96 110 112 146 155 162 186
a 423 46 46 12 89 92 116 145
a 424 46 46 3 34 128 158
a 425 46 46 25 58 84 182
a 426 46 46 32 54 63 126
a 427 46 46 13 42 87 126
a 428 46 46 29 45 62 191
a 429 46 46 157 181 199
a 430 46 46 118
a 431 47 47 9 16 27 113 127 181
a 432 47 47 5 167 170 171 178
a 433 47 47 13 57 140 189 197
a 434 47 47 12 65 73 146 172
a 435 47 47 19 142 161 169
a 436 47 47 29 121 161 197
a 437 47 47 77 83 113 195
a 438 47 47 10 52 171
a 439 47 47 74 114 139
a 440 47 47 92 143 176
a 441 47 47 25 32
a 442 48 48 2 79 114 161 199
a 443 48 48 24 95 134 169
a 444 48 48 91 149 163
a 445 48 48 140 162 168
a 446 48 48 33 75 128
a 447 48 48 23 103 146
a 448 48 48 62 64
a 449 48 48 76 176
a 450 48 48 186 197
a 451 48 48 85 169
a 452 48 48 8 37
a 453 49 49 15 39 116 126 129 144 161
a 454 49 49 9 13 83 117 146 151
a 455 49 49 12 67 83 84 192
a 456 49 49 57 68 148 152 153
a 457 49 49 21 44 65 83 98
a 458 49 49 44 58 148 194
a 459 49 49 19 94 156
a 460 49 49 50 59 113
a 461 49 49 59 186
a 462 49 49 3 26
a 463 50 50 4 22 26 69 91 92 98
a 464 50 50 67 93 110 114 148 185 190
a 465 50 50 22 40 69 117 185
a 466 50 50 119 121 142 149
a 467 50 50 2 37 56 73
a 468 50 50 36 50 133 142
a 469 50 50 14 103 158
a 470 50 50 35 52 118
a 471 51 51 10 13 25 33 66 85 91 103 149
a 472 51 51 8 26 28 101 105 139 150
a 473 51 51 33 87 99 155 188 194 197
a 474 51 51 17 26 109 197
a 475 51 51 27 35 132 188
a 476 51 51 47 50 104 154
a 477 51 51 54 109 132
a 478 51 51 123 167 199
a 479 51 51 42 130
a 480 52 52 1 33 98 141 168
a 481 52 52 2 72 105 142 194
a 482 52 52 24 32 44 47 186
a 483 52 52 37 94 99 111 189
a 484 52 52 114 173 178
a 485 52 52 58 115 119
a 486 52 52 43 97
a 487 53 53 44 62 67 69 90 117 119 132 141 196
a 488 53 53 5 60 75 130 137 162 187
a 489 53 53 39 67 68 75 121 145 198
a 490 53 53 69 96 101 106 143 168
a 491 53 53 3 56 65 106 154 183
a 492 53 53 11 29 122 152 167 188
a 493 53 53 16 39 40 143
a 494 53 53 8 112 149 162
a 495 53 53 3 69 93 154
a 496 53 53 0 35 72 99
a 497 53 53 33 57 96 104
a 498 53 53 71 131 181
a 499 53 53 19 85 86
a 500 53 53 39 88 129
a 501 54 54 20 58 83 89 142 161
a 502 54 54 115 146 174 184 191
a 503 54 54 49 108 112 127 174
a 504 54 54 84 94 101 150 191
a 505 54 54 81 99 116 134 176
a 506 54 54 11 46 116 148 197
a 507 54 54 16 59 155 161
a 508 54 54 16 119 130 199
a 509 54 54 67 71 123
a 510 54 54 48 125 154
a 511 54 54 17 55
a 512 54 54 81 146
a 513 54 54 28 135
a 514 55 55 12 13 36 38 103 105 167
a 515 55 55 24 73 88 106 118 162 168
a 516 55 55 16 98 120 135 149 170
a 517 55 55 18 104 127 156 166 198
a 518 55 55 5 64 152 175 194
a 519 55 55 54 112 133 144 196
a 520 55 55 56 115 119 197
a 521 55 55 79 94 157 184
a 522 55 55 40 126 181 191
a 523 55 55 22 67 68
a 524 55 55 169 181
a 525 55 55 27 140
a 526 56 56 14 20 36 69 79 90 107 115 129 136 172
a 527 56 56 10 21 32 71 96 134 174 187 192
a 528 56 56 10 13 78 89 95 154 185 193
a 529 56 56 25 36 125 150 176 182
a 530 56 56 9 42 77 88 163
a 531 56 56 10 42 103 104 168
a 532 56 56 31 87 107 137 139
a 533 56 56 19 44 75 162
a 534 56 56 10 66 121 159
a 535 56 56 30 70 86 160
a 536 56 56 83 84 171 193
a 537 56 56 0 3 28 185
a 538 56 56 27 139 166
a 539 56 56 140 199
a 540 56 56 65 164
a 541 56 56 50 63
a 542 57 57 34 62 69 81 95 151
a 543 57 57 79 100 153 179
a 544 57 57 45 51 114
a 545 57 57 52 84 183
a 546 57 57 71 107 137
a 547 57 57 5 180
a 548 57 57 78 159
a 549 57 57 106
a 550 58 58 3 32 115 120 136 154
a 551 58 58 5 34 50 85 100 192
a 552 58 58 12 18 51 119 142
a 553 58 58 1 41 45 148 159
a 554 58 58 18 27 42 129 149
a 555 58 58 3 43 125
a 556 58 58 41 96 119
a 557 58 58 149 161 165
a 558 58 58 75 121 171
a 559 58 58 26 144 168
a 560 59 59 0 27 91 110 141 152 158 168
a 561 59 59 24 48 59 95 133 135 166
a 562 59 59 8 26 61 74 119 124
a 563 59 59 61 146 161 183 189 190
a 564 59 59 36 77 105 107 127
a 565 59 59 27 51 58
a 566 59 59 164
a 567 59 59 42
a 568 60 60 104 135 149 170 186
a 569 60 60 15 54 63 164
a 570 60 60 12 13 102 153
a 571 60 60 108 168
a 572 61 61 6 22 42 69 128 156 158 178
a 573 61 61 76 104 107 163 173
a 574 61 61 52 103 147 163
a 575 61 61 108 139 169 177
a 576 61 61 13 181 191 195
a 577 61 61 111 161 172
a 578 61 61 60 93 195
a 579 61 61 92 193
a 580 61 61 27 198
a 581 61 61 58
a 582 62 62 23 71 85 92 100 110 173 185
a 583 62 62 26 61 71 119 127 146 149 162
a 584 62 62 51 52 56 67 78 89
a 585 62 62 13 17 35 82 116 161
a 586 62 62 25 103 112 166
a 587 62 62 20 106 128 183
a 588 62 62 72 109 110 184
a 589 62 62 0 6 65 136
a 590 62 62 11 18 30 83
a 591 62 62 26 175 177
a 592 62 62 3 103 114
a 593 62 62 23 151
a 594 62 62 43 133
a 595 63 63 15 93 122 141 173
a 596 63 63 9 64 89 167
a 597 63 63 32 48 157
a 598 63 63 66 79 199
a 599 63 63 33 83 129
a 600 63 63 52 168 175
a 601 63 63 50 171 187
a 602 63 63 36 97
a 603 63 63 12 86
a 604 63 63 193
a 605 63 63 107
a 606 64 64 45 50 56 77 105 183 194
a 607 64 64 32 56 67 78 92 138 197
a 608 64 64 10 46 51 58 139 148
a 609 64 64 90 129 147 161 168
a 610 64 64 6 32 94 191
a 611 64 64 8 82 108 179
a 612 64 64 2 96 177 198
a 613 64 64 57 74 133
a 614 64 64 107 144 174
a 615 64 64 44 105
a 616 65 65 0 30 83 84 129 170 182
a 617 65 65 29 49 51 87 99
a 618 65 65 28 71 104 110 130
a 619 65 65 35 91 112 188
a 620 65 65 69 123 124
a 621 65 65 123 146 169
a 622 65 65 77 132 184
a 623 65 65 74 95
a 624 66 66 8 32 78 90 103 130 145 155
a 625 66 66 25 103 116 128 140 156
a 626 66 66 2 39 44 77 172 193
a 627 66 66 5 16 66 83 105 106
a 628 66 66 109 128 173 180 195
a 629 66 66 32 73 88 105 141
a 630 66 66 1 23 52 99 188
a 631 66 66 139 161 194
a 632 66 66 4 115
a 633 67 67 32 44 48 77 78 104 118 138 140
a 634 67 67 7 44 81 87 99 104 105
a 635 67 67 8 40 41 91 111 119 148
a 636 67 67 27 82 90 91 92 154 166
a 637 67 67 9 39 47 111 140 147
a 638 67 67 3 17 27 155 166
a 639 67 67 67 78 89 164 176
a 640 67 67 44 48 91 103 188
a 641 67 67 11 50 57 58 89
a 642 67 67 39 53 68 90 196
a 643 67 67 15 90 96 119
a 644 67 67 60 97 118 188
a 645 67 67 48 79 129 192
a 646 67 67 51 79 165
a 647 67 67 115 117 134
a 648 68 68 13 21 23 46 91 117 118 191
a 649 68 68 16 49 107 119 174
a 650 68 68 33 47 83 172 196
a 651 68 68 45 100 163 170
a 652 69 69 55 56 64 79 100 147 154 162 172
a 653 69 69 0 32 35 145 178
a 654 69 69 14 31 32 70 154
a 655 69 69 53 98 100 162 168
a 656 69 69 87 111 159 196
a 657 69 69 16 88 157 166
a 658 69 69 91 124 187 194
a 659 69 69 51 53 180
a 660 69 69 82 167 192
a 661 69 69 95 99 127
a 662 69 69 23 37 152
a 663 69 69 112 146
a 664 69 69 10 68
a 665 70 70 48 78 80 120 123 152 172 190
a 666 70 70 33 40 128 172 179 191
a 667 70 70 42 91 134 187 189 199
a 668 70 70 22 94 166 198
a 669 70 70 7 147 194
a 670 70 70 78 83 166
a 671 70 70 32 36 81
a 672 70 70 0 87 92
a 673 70 70 158
a 674 70 70 141
a 675 70 70 19
a 676 71 71 34 65 110 133 175 184 189
a 677 71 71 28 67 74 123 140 193
a 678 71 71 30 45 66 93 113
a 679 71 71 29 31 70 158 173
a 680 71 71 84 88 126 137
a 681 71 71 0 144 173 183
a 682 71 71 44 69 120 134
a 683 71 71 99 169 198
a 684 71 71 171 197
a 685 71 71 28 47
a 686 72 72 51 59 76 77 92 158 193
a 687 72 72 16 82 88 110 168 172 194
a 688 72 72 37 47 91 123 142
a 689 72 72 53 73 153 164 172
a 690 72 72 99 133 192 197
a 691 72 72 73 77 101
a 692 72 72 20 148 181
a 693 72 72 10 159
a 694 72 72 28 178
a 695 72 72 31 67
a 696 72 72 183
a 697 73 73 28 74 143 174 183
a 698 73 73 6 94 139 169 196
a 699 73 73 48 168 171 181 190
a 700 73 73 4 9 162 193
a 701 73 73 39 123 160
a 702 73 73 4 180 199
a 703 73 73 10 82 189
a 704 73 73 54 156
a 705 73 73 28 173
a 706 73 73 5 9
a 707 74 74 33 39 56 74 90 93 126 153 198
a 708 74 74 9 64 80 124 156 160 163
a 709 74 74 13 51 93 120 136 155
a 710 74 74 16 21 45 82
a 711 74 74 62 112 123
a 712 74 74 14 80 157
a 713 75 75 5 25 32 38 42 44 163 169 180
a 714 75 75 15 49 66 120 125 150 177
a 715 75 75 64 135 144 171 190
a 716 75 75 11 23 49 80 155
a 717 75 75 16 19 84 113 129
a 718 75 75 131 167 174 181 197
a 719 75 75 70 89 105 170 180
a 720 75 75 0 14 50 69
a 721 75 75 2 68 189
a 722 75 75 17 131 166
a 723 75 75 67 151 184
a 724 76 76 22 28 43 69 108 124 146 188
a 725 76 76 33 54 109 136 152 162 185
a 726 76 76 74 109 127 146 164 189
a 727 76 76 72 106 119 147 173
a 728 76 76 5 43 82 160
a 729 76 76 57 76 110 196
a 730 76 76 20 36 103 154
a 731 76 76 6 95
a 732 76 76 41 109
a 733 76 76 84 167
a 734 76 76 1
a 735 77 77 23 46 70 136 139 151
a 736 77 77 17 39 41 63 158 180
a 737 77 77 11 73 107 178
a 738 77 77 45 49 172
a 739 77 77 9 24 148
a 740 77 77 56 92 97
a 741 77 77 104 105 119
a 742 77 77 87 149 195
a 743 77 77 9 113
a 744 78 78 14 42 61 120 125 159 169 186
a 745 78 78 0 13 20 57 106 166 188
a 746 78 78 1 86 97 110 132
a 747 78 78 4 17 123 139 186
a 748 78 78 18 20 41 141 198
a 749 78 78 5 37 59 119 193
a 750 78 78 38 76 126 174 181
a 751 78 78 31 46 49 187
a 752 78 78 42 84 90 176
a 753 78 78 51 145 153 183
a 754 78 78 104 124 183 186
a 755 78 78 21 40 124 125
a 756 78 78 6 69 132 170
a 757 78 78 26 92 149 181
a 758 78 78 27 96 100
a 759 78 78 100 107 155
a 760 78 78 12 69 85
a 761 78 78 132 179
a 762 79 79 18 58 109 138 144 199
a 763 79 79 10 62 84 146 158 174
a 764 79 79 3 42 43 94 106 181
a 765 79 79 17 23 32 107 113 124
a 766 79 79 34 43 45 94 179
a 767 79 79 2 71 91 196
a 768 79 79 21 48 57 69
a 769 79 79 80 119 135 183
a 770 79 79 3 50 152
a 771 79 79 0 10 59
a 772 79 79 154 179
a 773 80 80 16 24 51 59 86 97 146 168 192
a 774 80 80 35 50 119 141 181 192 197
a 775 80 80 7 110 130 156 184 196
a 776 80 80 11 32 54 108 128
a 777 80 80 4 30 94 166 176
a 778 80 80 26 88 96 164 176
a 779 80 80 68 135 171 190
a 780 80 80 53 99 102
a 781 80 80 110 132 134
a 782 80 80 131 134 176
a 783 80 80 61 105 188
a 784 80 80 94 150
a 785 80 80 96 151
a 786 80 80 40 57
a 787 80 80 108 129
a 788 81 81 14 39 57 110 120 199
a 789 81 81 8 39 84 109 151 169
a 790 81 81 25 62 125 140 166 187
a 791 81 81 9 34 57 92 100 112
a 792 81 81 0 9 78 118 149 177
a 793 81 81 30 78 140 162 191
a 794 81 81 1 35 129 146
a 795 81 81 81 82 121 151
a 796 81 81 26 122 130 135
a 797 81 81 1 64 70 136
a 798 81 81 86 127 138 142
a 799 81 81 81 131 142 198
a 800 81 81 9 25 134
a 801 81 81 63 92 118
a 802 81 81 24 53 90
a 803 81 81 15 87 138
a 804 81 81 82 95 198
a 805 81 81 33 37 87
a 806 81 81 52 135
a 807 81 81 35 110
a 808 82 82 31 85 90 103 154 171
a 809 82 82 108 125 133 167 190
a 810 82 82 80 119 127 131
a 811 82 82 14 66 74 101
a 812 82 82 32 52 96 191
a 813 82 82 80 129 157
a 814 82 82 1 26 103
a 815 82 82 6 76 99
a 816 82 82 55
a 817 83 83 12 13 30 33 78 85 142
a 818 83 83 22 130 137 157 192
a 819 83 83 37 56 96 132 175
a 820 83 83 53 100 115 124 193
a 821 83 83 69 106 128 191
a 822 83 83 41 80 83
a 823 83 83 64 118 126
a 824 83 83 117 165
a 825 83 83 4 77
a 826 83 83 87 93
a 827 83 83 22
a 828 84 84 7 77 116 165 194
a 829 84 84 2 7 106 130 146
a 830 84 84 11 12 51 158
a 831 84 84 33 109 122 124
a 832 84 84 25 92 159 195
a 833 84 84 1 12 17 169
a 834 84 84 81 88 145 185
a 835 84 84 29 98 101 146
a 836 84 84 25 71 119
a 837 84 84 77 141 190
a 838 84 84 23 190 196
a 839 84 84 82 113 148
a 840 84 84 27 112
a 841 85 85 0 6 99 138 165
a 842 85 85 31 73 122 144 190
a 843 85 85 17 32 117 154 161
a 844 85 85 61 142 165 190
a 845 85 85 37 63 82 105
a 846 85 85 183 188 196
a 847 85 85 7 79
a 848 85 85 48 185
a 849 86 86 27 28 71 111 129 144 154 170 184
a 850 86 86 28 100 130 159 168 172 195
a 851 86 86 45 55 82 84 117 154
a 852 86 86 62 74 76 139 156 169
a 853 86 86 48 84 118 165 191
a 854 86 86 53 74 152 164
a 855 86 86 16 104 143
a 856 86 86 2 95 194
a 857 86 86 3 22 141
a 858 86 86 42 65 98
a 859 86 86 61 75 113
a 860 86 86 38 134 189
a 861 86 86 77 155
a 862 86 86 38 80
a 863 86 86 184
a 864 86 86 42
a 865 87 87 33 58 85 114 153 158 164
a 866 87 87 47 122 126 149
a 867 87 87 20 173 199
a 868 87 87 37 101 161
a 869 87 87 94 145 158
a 870 87 87 37 93
a 871 88 88 39 42 74 82 89 164
a 872 88 88 0 53 83 86 117
a 873 88 88 0 23 66 85 115
a 874 88 88 1 57 106 168 188
a 875 88 88 52 90 176 179
a 876 88 88 47 64 107 169
a 877 88 88 49 152 156 166
a 878 88 88 54 85 143 188
a 879 88 88 9 64 183 188
a 880 88 88 11 116 181
a 881 88 88 5 55 56
a 882 88 88 1 35 176
a 883 88 88 83 91
a 884 88 88 108
a 885 89 89 83 176
a 886 89 89 123
a 887 90 90 31 46 52 76 89 111
a 888 90 90 40 62 109 118 156
a 889 90 90 118 129 169 175
a 890 90 90 11 71 82 94
a 891 90 90 28 102 113
a 892 90 90 7 72 179
a 893 90 90 49 157 168
a 894 90 90 55 78 111
a 895 90 90 17 100 127
a 896 90 90 83 178
a 897 91 91 11 26 58 125 191 194
a 898 91 91 36 80 92 94
a 899 91 91 70 106 137 175
a 900 91 91 44 51 150 173
a 901 91 91 20 40
a 902 91 91 26 49
a 903 91 91 168
a 904 92 92 19 35 50 88 123 145
a 905 92 92 68 93 103 153 159 180
a 906 92 92 15 48 51 144 193 199
a 907 92 92 43 47 58 139 193
a 908 92 92 33 82 87 120 186
a 909 92 92 7 27 32 95 182
a 910 92 92 15 45 51 89 160
a 911 92 92 6 75 127 151
a 912 92 92 42 121 187 193
a 913 92 92 16 141 183
a 914 92 92 130 159 182
a 915 92 92 8 151
a 916 93 93 2 8 27 67 75 79 116 185
a 917 93 93 22 31 62 77 132 173
a 918 93 93 35 43 74 84 188
a 919 93 93 11 114 122 131 146
a 920 93 93 64 71 85 93
a 921 93 93 58 85 182
a 922 93 93 139 147
a 923 93 93 22 144
a 924 93 93 12
a 925 94 94 5 51 96 144 196
a 926 94 94 16 23 52 95
a 927 94 94 56 98 146 186
a 928 94 94 15 56 153 195
a 929 94 94 65 88 142
a 930 94 94 46 49 172
a 931 94 94 90 180
a 932 94 94 28 169
a 933 94 94 171
a 934 94 94 47
a 935 94 94 24
a 936 95 95 59 95 104 117 140 153 182
a 937 95 95 24 42 74 146 150 185
a 938 95 95 28 62 76 141 162
a 939 95 95 12 30 50 93 173
a 940 95 95 58 80 128 150
a 941 95 95 23 36 85 174
a 942 95 95 6 105 154 160
a 943 95 95 0 9 53 144
a 944 95 95 62 131 171 192
a 945 95 95 18 115 196
a 946 95 95 95
a 947 96 96 15 53 74 84 115 129 147 148
a 948 96 96 39 53 79 134 138 158 162
a 949 96 96 5 54 98 115 177 184 189
a 950 96 96 4 67 151 154 161 195
a 951 96 96 12 46 50 154 169
a 952 96 96 42 44 67 132 135
a 953 96 96 36 46 68 142 181
a 954 96 96 16 26 74 168
a 955 96 96 73 100 114 128
a 956 96 96 61 97 182
a 957 96 96 92 124 148
a 958 96 96 106 145 185
a 959 96 96 155 188
a 960 96 96 36 47
a 961 96 96 5 167
a 962 97 97 0 35 103 120 130 165
a 963 97 97 9 73 93 110 153
a 964 97 97 90 137 159 182
a 965 97 97 100 116 121 126
a 966 97 97 0 45 106
a 967 97 97 145 152 163
a 968 97 97 33 146 148
a 969 97 97 45 77 190
a 970 97 97 188
a 971 98 98 80 87 89 101 132 135 158
a 972 98 98 7 23 56 88 99 170 193
a 973 98 98 41 75 92 118 166 182
a 974 98 98 35 53 74 120 143 160
a 975 98 98 40 84 110 122 167
a 976 98 98 47 107 129 151 195
a 977 98 98 7 9 78 153
a 978 98 98 6 79 120 140
a 979 98 98 128 161 170 195
a 980 98 98 40 97 155
a 981 98 98 155
a 982 99 99 7 13 77 123 184
a 983 99 99 22 104 135 162 189
a 984 99 99 72 135 136 143 192
a 985 99 99 15 74 121 129
a 986 99 99 2 33 192
a 987 99 99 17 102 148
a 988 99 99 15 24 83
a 989 99 99 173 189
a 990 99 99 83 128
a 991 100 100 21 27 42 60 68 177
a 992 100 100 76 146 153 160 162 168
a 993 100 100 27 37 53 102 160
a 994 100 100 82 85 103 134
a 995 100 100 9 49 103 186
a 996 100 100 15 80 98 126
a 997 100 100 100 165 179
a 998 100 100 36 49 140
a 999 100 100 7 136
s 0 1
s 1 1
s 2 1
s 3 1
s 4 1
s 5 1
s 6 1
s 7 1
s 8 1
s 9 1
s 10 1
s 11 1
s 12 1
s 13 1
s 14 1
s 15 1
s 16 1
s 17 1
s 18 1
s 19 1
s 20 1
s 21 1
s 22 1
s 23 1
s 24 1
s 25 1
s 26 1
s 27 1
s 28 1
s 29 1
s 30 1
s 31 1
s 32 1
s 33 1
s 34 1
s 35 1
s 36 1
s 37 1
s 38 1
s 39 1
s 40 1
s 41 1
s 42 1
s 43 1
s 44 1
s 45 1
s 46 1
s 47 1
s 48 1
s 49 1
s 50 1
s 51 1
s 52 1
s 53 1
s 54 1
s 55 1
s 56 1
s 57 1
s 58 1
s 59 1
s 60 1
s 61 1
s 62 1
s 63 1
s 64 1
s 65 1
s 66 1
s 67 1
s 68 1
s 69 1
s 70 1
s 71 1
s 72 1
s 73 1
s 74 1
s 75 1
s 76 1
s 77 1
s 78 1
s 79 1
s 80 1
s 81 1
s 82 1
s 83 1
s 84 1
s 85 1
s 86 1
s 87 1
s 88 1
s 89 1
s 90 1
s 91 1
s 92 1
s 93 1
s 94 1
s 95 1
s 96 1
s 97 1
s 98 1
s 99 1
s 100 1
s 101 1
s 102 1
s 103 1
s 104 1
s 105 1
s 106 1
s 107 1
s 108 1
s 109 1
s 110 1
s 111 1
s 112 1
s 113 1
s 114 1
s 115 1
s 116 1
s 117 1
s 118 1
s 119 1
s 120 1
s 121 1
s 122 1
s 123 1
s 124 1
s 125 1
s 126 1
s 127 1
s 128 1
s 129 1
s 130 1
s 131 1
s 132 1
s 133 1
s 134 1
s 135 1
s 136 1
s 137 1
s 138 1
s 139 1
s 140 1
s 141 1
s 142 1
s 143 1
s 144 1
s 145 1
s 146 1
s 147 1
s 148 1
s 149 1
s 150 1
s 151 1
s 152 1
s 153 1
s 154 1
s 155 1
s 156 1
s 157 1
s 158 1
s 159 1
s 160 1
s 161 1
s 162 1
s 163 1
s 164 1
s 165 1
s 166 1
s 167 1
s 168 1
s 169 1
s 170 1
s 171 1
s 172 1
s 173 1
s 174 1
s 175 1
s 176 1
s 177 1
s 178 1
s 179 1
s 180 1
s 181 1
s 182 1
s 183 1
s 184 1
s 185 1
s 186 1
s 187 1
s 188 1
s 189 1
s 190 1
s 191 1
s 192 1
s 193 1
s 194 1
s 195 1
s 196 1
s 197 1
s 198 1
s 199 1
