p 1000 200
a 0 1 1 100 104 110 118 178 188
a 1 1 1 29 46 113 120 155 179
a 2 1 1 21 104 110 138 166 181
a 3 1 1 14 22 98 121 126
a 4 1 1 14 26 90 174 177
a 5 1 1 17 30 95 132 144
a 6 1 1 1 2 7 16
a 7 1 1 9 61 113
a 8 1 1 21 141 163
a 9 1 1 58 117
a 10 1 1 94 130
a 11 2 2 63 102 107 111 164 174
a 12 2 2 62 66 132 141 164 175
a 13 2 2 37 47 50 62 63 125
a 14 2 2 47 71 95 103 194
a 15 2 2 11 20 82 122 140
a 16 2 2 25 38 172
a 17 2 2 59 157
a 18 2 2 19 112
a 19 3 3 0 24 28 31 44 112 153 162
a 20 3 3 2 7 60 129 149 156 175
a 21 3 3 23 159 179 199
a 22 3 3 76 114 125
a 23 3 3 6 31 157
a 24 3 3 8 194
a 25 4 4 15 22 47 129 135 195 199
a 26 4 4 35 52 88 114 139
a 27 4 4 117 144 158 179
a 28 4 4 13 17 120 190
a 29 4 4 48 63 88 124
a 30 4 4 57 96 159
a 31 4 4 8 45 186
a 32 4 4 55 114
a 33 4 4 82 132
a 34 4 4 46 98
a 35 5 5 10 43 116 140 174 178
a 36 5 5 94 138 173 176
a 37 5 5 22 129 142 185
a 38 5 5 41 48 90 186
a 39 5 5 58 67 99
a 40 5 5 136 163
a 41 6 6 10 58 101 141 175
a 42 6 6 11 95 99
a 43 6 6 87 178 180
a 44 6 6 39 76
a 45 6 6 74 199
a 46 6 6 54
a 47 6 6 62
a 48 7 7 1 39 56 146 170 179
a 49 7 7 32 33 49 107 168 187
a 50 7 7 6 29 44 45 113
a 51 7 7 11 14 30 86 187
a 52 7 7 70 74 119 137
a 53 7 7 38 122 138 180
a 54 7 7 79 193 197
a 55 7 7 62 74 101
a 56 7 7 63 128 148
a 57 7 7 83 87 188
a 58 7 7 41 142 186
a 59 7 7 65 127
a 60 7 7 53 56
a 61 7 7 112 140
a 62 8 8 24 26 57 69 76 85 94 107 126 185
a 63 8 8 64 94 122 138 152
a 64 8 8 13 111 145 157 188
a 65 8 8 15 88 119 130
a 66 8 8 45 70 87 188
a 67 8 8 2 93 111 184
a 68 8 8 126 149
a 69 8 8 59 144
a 70 9 9 23 24 37 50 65 69 106 198
a 71 9 9 26 58 95 139 140 141 170
a 72 9 9 20 32 87 119 124
a 73 9 9 12 16 23 115
a 74 9 9 27 82 109 186
a 75 9 9 85 162 172 195
a 76 9 9 11 33 115
a 77 9 9 71 135 141
a 78 9 9 21 98 150
a 79 9 9 20 96 119
a 80 9 9 51 75 172
a 81 10 10 12 31 92 106 109 133 140 196
a 82 10 10 4 28 52 53 65 101 149
a 83 10 10 51 101 102 133 147 173 191
a 84 10 10 46 54 63 72 81 135 193
a 85 10 10 38 113 126 147 165 171
a 86 10 10 5 46 71 132 174 176
a 87 10 10 9 136 145 173 187
a 88 10 10 6 126 152 160 162
a 89 10 10 27 114 149 175
a 90 10 10 79 182 191
a 91 10 10 33 60 79
a 92 10 10 129 135 181
a 93 10 10 60 147 197
a 94 10 10 0 85 131
a 95 10 10 67 84
a 96 10 10 150 158
a 97 10 10 0 50
a 98 10 10 134 197
a 99 10 10 129
a 100 11 11 2 103 131 151 153 162 170 191
a 101 11 11 17 23 43 138 163 184 199
a 102 11 11 20 62 111 126 128
a 103 11 11 26 43 92 109 182
a 104 11 11 8 67 78 116
a 105 11 11 26 41 135 180
a 106 11 11 97 180 189
a 107 11 11 39 44 149
a 108 11 11 44 91
a 109 12 12 1 18 34 48 61 83
a 110 12 12 21 75 110 112 190
a 111 12 12 15 60 62 116 122
a 112 12 12 8 60 106 176
a 113 12 12 44 57 158
a 114 12 12 87 98 125
a 115 12 12 29 62 112
a 116 12 12 62 69 153
a 117 12 12 191
a 118 12 12 87
a 119 13 13 48 114 132 149 168 169 176
a 120 13 13 5 28 90 169 189
a 121 13 13 14 26 51 81 165
a 122 13 13 47 66 99 152
a 123 13 13 123 138 154 196
a 124 13 13 9 33 61 173
a 125 13 13 135 182 189
a 126 13 13 66 79 101
a 127 13 13 37 123 191
a 128 13 13 198
a 129 14 14 2 71 95 141 187 191
a 130 14 14 22 48 58 73 77 88
a 131 14 14 8 32 77 78 171
a 132 14 14 21 44 97 158 191
a 133 14 14 97 120 166 178 194
a 134 14 14 60 71 129 180
a 135 14 14 28 67 117
a 136 14 14 11 62 129
a 137 14 14 27 91 97
a 138 14 14 145 153 192
a 139 15 15 7 26 50 106 164 173 192
a 140 15 15 38 58 69 172 185 191
a 141 15 15 30 43 50 150 169
a 142 15 15 8 20 56 91 173
a 143 15 15 26 53 110 146 163
a 144 15 15 42 63 146 192
a 145 15 15 31 70 89 97
a 146 15 15 40 100 191
a 147 15 15 81 176 185
a 148 15 15 115 122 129
a 149 15 15 76 107
a 150 16 16 20 43 60 87 125 170
a 151 16 16 7 115 142 159 160
a 152 16 16 2 26 72 138 182
a 153 16 16 10 32 102 125
a 154 16 16 21 45 85 110
a 155 16 16 37 65 136
a 156 16 16 60 92 199
a 157 16 16 17 84 92
a 158 16 16 39 80
a 159 16 16 6 130
a 160 16 16 39 70
a 161 17 17 15 25 49 60 120 185
a 162 17 17 23 29 143 153 193
a 163 17 17 7 111 170 180
a 164 17 17 30 71 72 132
a 165 17 17 74 117 123
a 166 17 17 128 160 161
a 167 17 17 1 86
a 168 17 17 83 183
a 169 17 17 8 131
a 170 17 17 100 138
a 171 18 18 32 37 38 78 83 99 153 168
a 172 18 18 12 13 22 36 98 100 109
a 173 18 18 35 51 98 113 141 170 199
a 174 18 18 2 49 84 85 148 162
a 175 18 18 85 125 131 188
a 176 18 18 32 76 183 199
a 177 18 18 64 66 157 199
a 178 18 18 36 117 191 194
a 179 18 18 43 56 112
a 180 18 18 30 127 137
a 181 19 19 47 73 91 142 150 194 195
a 182 19 19 18 90 102 119 126 181 194
a 183 19 19 51 70 122 155 179
a 184 19 19 35 56 88 145 191
a 185 19 19 7 23 102 115 193
a 186 19 19 9 21 46 83 104
a 187 19 19 79 130 169 170
a 188 19 19 90 116 186
a 189 19 19 56 131
a 190 19 19 24 191
a 191 20 20 45 76 82 108 120 166
a 192 20 20 43 96 128 140
a 193 20 20 52 159 190
a 194 20 20 49 66 149
a 195 20 20 27 59 182
a 196 20 20 6 121 159
a 197 20 20 13 60 103
a 198 20 20 36 90
a 199 21 21 5 29 58 190 191
a 200 21 21 42 104 116 173 194
a 201 21 21 8 23 37 195
a 202 21 21 17 29 58 76
a 203 21 21 4 34 179
a 204 21 21 16 75 102
a 205 21 21 160 179 186
a 206 21 21 64 141 177
a 207 21 21 30 35
a 208 21 21 6 11
a 209 22 22 8 10 16 111 134 138 152
a 210 22 22 12 30 107 172 183
a 211 22 22 10 18 53 154
a 212 22 22 6 90 95 97
a 213 22 22 4 166 174
a 214 22 22 96 113 130
a 215 22 22 0 46
a 216 22 22 93 112
a 217 23 23 14 29 162 174 175 182
a 218 23 23 32 72 73 115 189 190
a 219 23 23 64 82 88 101 103 120
a 220 23 23 71 96 128 151
a 221 23 23 0 5 89 122
a 222 23 23 22 162 185
a 223 23 23 5 154 184
a 224 23 23 15 34 63
a 225 23 23 1 55 157
a 226 23 23 7 117
a 227 24 24 51 58 90 98 153 159
a 228 24 24 54 124 136 137 151
a 229 24 24 10 43 69 178
a 230 24 24 21 119 173 183
a 231 24 24 92 122 145
a 232 24 24 28 43
a 233 25 25 10 14 46 49 118 170
a 234 25 25 37 51 106 132 178
a 235 25 25 47 83 137 187 194
a 236 25 25 36 100 122 165
a 237 25 25 24 32 134 140
a 238 25 25 54 97 141 157
a 239 25 25 76 87 156
a 240 25 25 124
a 241 26 26 7 28 50 61 69 155 167 169 178
a 242 26 26 34 87 91 101 196
a 243 26 26 12 32 61 136
a 244 26 26 55 90 136
a 245 26 26 120 175 187
a 246 26 26 41 86 187
a 247 26 26 14 94
a 248 26 26 46 63
a 249 26 26 61 128
a 250 26 26 90 125
a 251 26 26 103 192
a 252 27 27 18 116 149 175 177
a 253 27 27 156 172 179 188
a 254 27 27 6 39 65 144
a 255 27 27 11 59 133 185
a 256 27 27 14 116 149
a 257 27 27 2 106 124
a 258 27 27 49 171
a 259 28 28 56 75 76 109 137 147 150 157
a 260 28 28 4 9 89 102 178
a 261 28 28 24 125 136 171 184
a 262 28 28 99 114 134 180
a 263 28 28 28 78 132
a 264 28 28 79 161 199
a 265 28 28 62 79 189
a 266 28 28 21 22
a 267 29 29 12 48 126 138 140 176
a 268 29 29 3 47 108 134 146
a 269 29 29 40 77 92 148 158
a 270 29 29 8 85 153 171 184
a 271 29 29 35 49 143 153 195
a 272 29 29 15 138 143 179
a 273 29 29 30 36 107 123
a 274 29 29 88 107 167 198
a 275 29 29 10 65 192
a 276 29 29 21 34 115
a 277 29 29 4 11 191
a 278 29 29 51 98 183
a 279 29 29 142 170
a 280 30 30 36 53 59 84 118
a 281 30 30 15 25 105 181
a 282 30 30 52 91 153 178
a 283 30 30 19 125 173 178
a 284 30 30 44 54 107 184
a 285 30 30 29 81 84
a 286 30 30 0
a 287 31 31 25 65 82 120 124
a 288 31 31 63 82 185 194 197
a 289 31 31 40 103 135 136 171
a 290 31 31 39 68 95 167 190
a 291 31 31 23 41 117 119 137
a 292 31 31 33 65 109 173
a 293 31 31 59 65 92 151
a 294 31 31 92 98 108
a 295 32 32 1 5 15 17 36
a 296 32 32 87 129 131 199
a 297 32 32 8 31 118 144
a 298 32 32 7 62 147 180
a 299 32 32 15 17 42 173
a 300 32 32 39 55 80
a 301 32 32 36 60 199
a 302 32 32 8 176 178
a 303 32 32 55 87
a 304 32 32 114 135
a 305 32 32 105 173
a 306 33 33 0 54 81 106 147 180 199
a 307 33 33 17 82 93 150 159 183
a 308 33 33 36 48 85 103 152 177
a 309 33 33 55 117 129 133 140 159
a 310 33 33 4 108 136 137 159
a 311 33 33 30 65 132 184 194
a 312 33 33 28 93 126 185 193
a 313 33 33 39 40 70 93
a 314 33 33 4 45 101 166
a 315 33 33 55 148 167
a 316 33 33 148 168 198
a 317 33 33 146 165
a 318 34 34 21 40 98 158 162 189
a 319 34 34 40 73 165 166 181 191
a 320 34 34 27 30 36 45 148
a 321 34 34 19 36 59 70 119
a 322 34 34 54 123 151 169 172
a 323 34 34 77 107 116 163
a 324 34 34 70 111 141 167
a 325 34 34 11 13 71
a 326 34 34 50 66 90
a 327 34 34 1 197 198
a 328 34 34 122 197
a 329 34 34 169
a 330 35 35 41 46 53 57 135 136 182
a 331 35 35 47 82 103 128 129 137 161
a 332 35 35 27 36 39 158 172 197
a 333 35 35 15 16 75 107 131 134
a 334 35 35 38 84 97 108 120 164
a 335 35 35 10 14 16 110 155 178
a 336 35 35 31 92 113 120 122 167
a 337 35 35 7 90 104 143 193
a 338 35 35 31 136 169 182
a 339 35 35 49 72 173
a 340 35 35 20 25 113
a 341 36 36 22 64 93 99 103 156 163 188
a 342 36 36 23 29 105 172 181 185 187 195
a 343 36 36 41 62 80 85 170 185
a 344 36 36 29 80 134 169 179 199
a 345 36 36 49 109 132 139 179
a 346 36 36 26 40 71 158
a 347 36 36 68 91 169 189
a 348 36 36 22 43 86 146
a 349 36 36 0 167 189 199
a 350 37 37 9 33 34 93 97 165
a 351 37 37 35 37 101 104 116
a 352 37 37 23 50 73 186 187
a 353 37 37 8 19 74 131
a 354 37 37 54 110 167 182
a 355 37 37 82 172 178
a 356 37 37 103 117 194
a 357 38 38 9 62 67 111 128 142 188
a 358 38 38 12 31 105 121 165 186
a 359 38 38 47 59 92 102 130 192
a 360 38 38 46 73 87 174
a 361 38 38 18 30 53 74
a 362 38 38 79 115
a 363 39 39 13 17 40 69 75 126 195
a 364 39 39 67 77 86 122 125 134 195
a 365 39 39 23 87 108 127 136 166
a 366 39 39 6 19 22 121 177
a 367 39 39 8 92 102 184 189
a 368 39 39 10 11 86 131 154
a 369 39 39 6 36 89 178
a 370 39 39 56 64 78 122
a 371 39 39 33 47 150 197
a 372 39 39 46 110 113 191
a 373 39 39 94 103 156
a 374 39 39 102 188
a 375 40 40 12 35 52 64 74 142 181
a 376 40 40 17 53 126 130 188
a 377 40 40 83 142 157 184
a 378 40 40 112 124 186
a 379 40 40 6 88 171
a 380 40 40 33 125 177
a 381 40 40 3 116 186
a 382 41 41 10 12 105 149 177 190 191
a 383 41 41 43 86 165 192
a 384 41 41 148 163 185
a 385 41 41 97 148
a 386 42 42 40 41 65 96 120 187
a 387 42 42 17 33 169 181 193
a 388 42 42 48 65 109 138 156
a 389 42 42 60 67 87 112 118
a 390 42 42 14 16 98 100 143
a 391 42 42 16 23 43 126 159
a 392 42 42 37 82 108 163
a 393 42 42 22 37 168 195
a 394 42 42 60 121 123
a 395 42 42 18 28 38
a 396 42 42 63 164
a 397 42 42 53 85
a 398 42 42 98 150
a 399 43 43 1 24 32 77 87 121 155 179 184
a 400 43 43 24 95 115 128 174
a 401 43 43 117 131 153 172 183
a 402 43 43 1 40 76 95
a 403 43 43 128 152 181
a 404 43 43 108 163
a 405 44 44 8 43 65 69 133 196
a 406 44 44 17 69 155 156 193
a 407 44 44 13 47 55 118 129
a 408 44 44 24 90 92 126 157
a 409 44 44 101 110 137 178
a 410 44 44 39 104 191 193
a 411 44 44 2 127 165
a 412 44 44 2 61 104
a 413 44 44 42 137
a 414 44 44 78 125
a 415 45 45 24 25 57 64 72 177 178 188
a 416 45 45 0 7 101 150 173
a 417 45 45 5 68 105 147 152
a 418 45 45 19 37 81 156 157
a 419 45 45 14 56 105 192
a 420 45 45 6 130 132 152
a 421 45 45 30 48 140 186
a 422 45 45 85 127 142 149
a 423 45 45 36 89 170
a 424 45 45 53 141 178
a 425 45 45 61 83 103
a 426 45 45 152 157
a 427 46 46 16 28 38 65 97 143 148 155
a 428 46 46 16 82 90 139 146 162 182
a 429 46 46 0 20 56 91 116 195
a 430 46 46 3 11 92 101 156
a 431 46 46 9 10 135 165
a 432 46 46 6 12 78 88
a 433 46 46 41 73 116 197
a 434 46 46 90 127 131 197
a 435 46 46 7 27 161 185
a 436 46 46 110 115 125 147
a 437 46 46 8 147 194
a 438 46 46 54 167
a 439 47 47 4 14 40 48 58 99 132
a 440 47 47 9 28 112 135 176 178
a 441 47 47 80 88 96 122 147 163
a 442 47 47 45 83 113 152 163
a 443 47 47 30 65 86 141 147
a 444 47 47 65 66 86 89 112
a 445 47 47 8 103 117 138 197
a 446 47 47 19 150 184 190
a 447 47 47 28 42 53 134
a 448 47 47 5 21 101
a 449 47 47 46 150 155
a 450 47 47 11 144
a 451 47 47 98 158
a 452 47 47 21 119
a 453 47 47 155
a 454 48 48 35 55 110 118 137 151 154 174
a 455 48 48 24 97 109 137 144 153 163 166
a 456 48 48 27 69 82 97 101 103 117
a 457 48 48 6 14 110 123 138 172
a 458 48 48 12 138 161 163 164 178
a 459 48 48 89 93 97 113 173
a 460 48 48 93 154 187
a 461 48 48 69 109 171
a 462 48 48 46 171 180
a 463 48 48 172 174
a 464 48 48 18 174
a 465 49 49 19 20 30 55 86 95
a 466 49 49 0 8 188 190 197
a 467 49 49 65 98 146 155 158
a 468 49 49 32 47 61 123 167
a 469 49 49 35 57 102 177 195
a 470 49 49 61 62 79 114
a 471 49 49 9 24 42 180
a 472 49 49 9 41 177
a 473 49 49 47 135
a 474 49 49 48 174
a 475 49 49 95 195
a 476 50 50 26 70 80 107 112 127 130 170 173
a 477 50 50 53 65 67 129 138 144 181 192
a 478 50 50 20 40 50 107 141 194
a 479 50 50 62 90 107 162 166 167
a 480 50 50 54 64 191 193 196
a 481 50 50 21 127 148 161
a 482 50 50 15 55 79 109
a 483 50 50 16 92 147 189
a 484 50 50 47 124 150
a 485 50 50 13 135 147
a 486 50 50 130 135 185
a 487 50 50 69 139 147
a 488 50 50 41 139 186
a 489 51 51 40 60 69 87 158 159 160
a 490 51 51 40 94 112 114 130 156 193
a 491 51 51 55 71 116 132 140 150
a 492 51 51 10 36 55 108 124 193
a 493 51 51 26 97 142 152 190
a 494 51 51 65 87 138 187 198
a 495 51 51 17 60 72 73 190
a 496 51 51 53 76 117 151
a 497 51 51 33 45 97 168
a 498 51 51 31 33 109 132
a 499 51 51 71 93 109
a 500 52 52 5 21 24 38 133 159 161
a 501 52 52 16 21 52 75 80 137
a 502 52 52 13 46 96 139
a 503 52 52 49 74 147 179
a 504 52 52 112 179
a 505 53 53 31 58 60 92 120 131 141 158
a 506 53 53 31 40 89 115 127
a 507 53 53 48 67 122 184 194
a 508 53 53 1 68 131 175
a 509 53 53 23 77 91 105
a 510 53 53 76 103 126
a 511 53 53 56 67 135
a 512 53 53 45 188
a 513 54 54 7 66 78 142 146 184 190
a 514 54 54 36 41 47 103 127 177
a 515 54 54 22 26 49 55 142
a 516 54 54 11 70 136 156 182
a 517 54 54 22 30 31 38 88
a 518 54 54 58 100 128 165
a 519 54 54 32 51
a 520 54 54 166 196
a 521 55 55 17 66 73 82 97 135 153 180
a 522 55 55 30 95 101 128 144 158 180
a 523 55 55 11 38 71 85 90 194
a 524 55 55 20 70 82 115 136
a 525 55 55 56 86 99 108 113
a 526 55 55 26 41 109 152
a 527 55 55 29 32 50 131
a 528 55 55 24 128 177
a 529 55 55 62 103 145
a 530 55 55 173 199
a 531 56 56 9 57 65 125 161 168 191
a 532 56 56 2 52 58 121 132 174
a 533 56 56 26 59 127 166 188
a 534 56 56 35 90 100 162 171
a 535 56 56 53 63 79 123 189
a 536 56 56 17 25 101 186
a 537 56 56 55 69
a 538 56 56 56
a 539 57 57 27 68 91 168 188 197
a 540 57 57 8 37 96 122 166
a 541 57 57 34 118 138 185 195
a 542 57 57 43 106 129
a 543 57 57 41 61
a 544 57 57 65 134
a 545 57 57 189
a 546 58 58 20 55 102 116 137 156
a 547 58 58 18 30 89 119 130 166
a 548 58 58 10 64 100 120
a 549 58 58 38 70 186 199
a 550 58 58 20 83 86 96
a 551 58 58 78 87 184
a 552 58 58 13 113 145
a 553 58 58 26 74 85
a 554 58 58 20 129 172
a 555 59 59 39 48 51 97 132 169 189
a 556 59 59 4 13 26 64 105 126 197
a 557 59 59 21 23 41 59 67 156 181
a 558 59 59 23 25 26 62 117 149
a 559 59 59 2 25 47 170 193 197
a 560 59 59 29 92 97 101
a 561 59 59 80 105 130 156
a 562 59 59 20 21 167
a 563 59 59 4 43 68
a 564 59 59 20 28 67
a 565 59 59 11 190
a 566 59 59 36 75
a 567 59 59 23 29
a 568 59 59 69 159
a 569 59 59 89 186
a 570 60 60 58 111 112 116 135 137 189
a 571 60 60 11 16 88 130 174 185
a 572 60 60 62 130 161 186
a 573 60 60 73 77 127 192
a 574 60 60 32 64 71 172
a 575 60 60 98 127 143 194
a 576 60 60 49 97 129 172
a 577 60 60 74 124 141 171
a 578 60 60 61 86 195
a 579 60 60 25 30 138
a 580 60 60 33 142 152
a 581 60 60 51 66 172
a 582 60 60 24 64 157
a 583 60 60 146 157
a 584 60 60 65 67
a 585 60 60 165 187
a 586 60 60 50 178
a 587 60 60 133
a 588 60 60 155
a 589 61 61 0 28 70 95 148 198
a 590 61 61 26 38 96 104 147
a 591 61 61 46 68 136 148
a 592 61 61 33 63 120 194
a 593 61 61 54 97 171 185
a 594 61 61 2 9 91 182
a 595 61 61 14 73 101 135
a 596 61 61 23 45 196
a 597 61 61 63 98 102
a 598 61 61 78 157
a 599 61 61 47 57
a 600 61 61 107
a 601 62 62 56 76 84 139 140 144 150 177 192
a 602 62 62 41 57 108 125 134 161
a 603 62 62 11 24 27 56 91 135
a 604 62 62 129 147 173 174 192
a 605 62 62 87 109 144 168
a 606 62 62 140 178 188 199
a 607 62 62 37 108 164 197
a 608 62 62 19 40 188
a 609 62 62 90 107 154
a 610 62 62 84 177
a 611 62 62 82 102
a 612 63 63 81 91 94 109 118 127 160
a 613 63 63 40 107 120 128 144 191
a 614 63 63 46 64 121 174 177
a 615 63 63 7 55 88 141
a 616 63 63 66 151 193
a 617 63 63 148 155 191
a 618 63 63 119 184
a 619 63 63 24 191
a 620 63 63 120 136
a 621 64 64 19 20 57 61 68 128 132
a 622 64 64 18 88 105 157 163 192
a 623 64 64 0 12 39 57 62 76
a 624 64 64 42 67 83 103 171 183
a 625 64 64 8 18 59 126
a 626 64 64 128 130 135 136
a 627 64 64 77 121 146 171
a 628 64 64 3 61 121 184
a 629 64 64 81 99 152
a 630 64 64 56 104
a 631 64 64 133 176
a 632 65 65 46 112 118 142 151 156 181
a 633 65 65 3 74 122 147 170 188
a 634 65 65 12 27 49 74 163 180
a 635 65 65 43 54 109 121 140 157
a 636 65 65 12 58 95 136 169
a 637 65 65 31 52 133 145 191
a 638 65 65 102 127 140 155
a 639 65 65 45 87 157
a 640 65 65 63 100 105
a 641 65 65 31 39 194
a 642 65 65 86 187
a 643 65 65 106 192
a 644 65 65 26
a 645 65 65 70
a 646 66 66 0 16 26 41 55 194
a 647 66 66 20 37 89 146 166 196
a 648 66 66 83 85 91 166 193
a 649 66 66 44 172 182 194
a 650 66 66 71 190 198 199
a 651 66 66 10 81 178 197
a 652 66 66 42 58 75 153
a 653 66 66 19 76 142 199
a 654 66 66 28 59 197
a 655 66 66 24 49 73
a 656 66 66 30 57 77
a 657 66 66 17 179
a 658 67 67 11 50 51 95 145 149 154 170
a 659 67 67 21 49 75 82 142 181 185
a 660 67 67 25 40 115 116 137
a 661 67 67 30 115 163 166
a 662 67 67 4 97 105 165
a 663 67 67 57 130 169 192
a 664 67 67 156 163 179
a 665 67 67 46 102 128
a 666 67 67 26 126
a 667 67 67 102 168
a 668 67 67 6 111
a 669 67 67 49 142
a 670 68 68 14 23 60 83 86 92 116 124 146 180
a 671 68 68 1 26 40 83 100 109 131 179
a 672 68 68 48 112 144 150 193
a 673 68 68 11 53 63 178
a 674 68 68 11 63 121 128
a 675 68 68 98 153 185
a 676 68 68 69 75 131
a 677 68 68 117 189 196
a 678 68 68 63 70
a 679 68 68 98 119
a 680 69 69 28 73 79 121 153 165
a 681 69 69 7 60 73 76 84 110
a 682 69 69 36 84 102 106 119 127
a 683 69 69 96 140 162 176 199
a 684 69 69 36 87 146 169
a 685 69 69 95 99 188 197
a 686 69 69 106 129 156 161
a 687 69 69 18 85 97
a 688 69 69 5 39 173
a 689 69 69 134 198
a 690 69 69 32 184
a 691 69 69 66
a 692 70 70 32 67 158 189 195
a 693 70 70 11 27 77 185
a 694 70 70 91 92 140 163
a 695 70 70 40 71 143
a 696 70 70 38 67
a 697 70 70 126 172
a 698 70 70 139 166
a 699 71 71 73 96 101 104 146 152 166
a 700 71 71 27 44 74 82 107 146
a 701 71 71 24 27 33 72 85 130
a 702 71 71 16 28 103 160 161
a 703 71 71 12 34 107 180 196
a 704 71 71 112 171 181 198
a 705 71 71 5 87 104
a 706 71 71 46 192
a 707 72 72 6 83 84 123 128 130 139 140 151 195
a 708 72 72 37 54 72 93 124 138 159 178
a 709 72 72 18 71 81 86 128 134 163
a 710 72 72 4 118 119 173 188
a 711 72 72 38 80 91 144
a 712 72 72 76 123 178 195
a 713 72 72 23 74 79 140
a 714 72 72 48 78 186
a 715 72 72 14 127 186
a 716 72 72 90 103 165
a 717 72 72 14 41 59
a 718 73 73 6 42 65 69 77 183
a 719 73 73 12 14 25 142 150 177
a 720 73 73 1 17 104 144 172
a 721 73 73 34 37 58 72 128
a 722 73 73 19 67 120 188
a 723 73 73 52 87 98 147
a 724 73 73 87 93 137 141
a 725 73 73 8 15 126
a 726 73 73 21 94 124
a 727 73 73 33 129 199
a 728 73 73 62 167
a 729 74 74 43 51 108 126 136 141 161 174
a 730 74 74 2 22 87 119 172
a 731 74 74 54 58 162 198
a 732 74 74 84 109 180
a 733 74 74 38 105 106
a 734 75 75 40 64 76 88 105
a 735 75 75 26 61 118 147 178
a 736 75 75 12 19 81 114
a 737 75 75 30 58 133
a 738 75 75 78 149 183
a 739 75 75 26 103 197
a 740 75 75 46 59 153
a 741 75 75 88 169
a 742 76 76 1 61 74 114 136 177
a 743 76 76 7 37 110 116 194
a 744 76 76 21 49 62 76 101
a 745 76 76 15 52 85 189
a 746 76 76 0 80 150
a 747 76 76 62 143
a 748 77 77 9 26 70 81 156 181
a 749 77 77 57 66 91 119 143
a 750 77 77 44 67 151 161 198
a 751 77 77 25 109 125 162
a 752 77 77 32 143 198
a 753 77 77 37 167 194
a 754 77 77 100 175
a 755 77 77 6 31
a 756 77 77 50 111
a 757 77 77 140
a 758 77 77 59
a 759 78 78 20 23 54 99 137 141 147
a 760 78 78 44 82 119 133 152
a 761 78 78 24 96 128 147 193
a 762 78 78 8 36 42 54 134
a 763 78 78 11 65 186 193
a 764 78 78 23 26 61 175
a 765 78 78 35 111 123 199
a 766 78 78 6 49 83
a 767 79 79 2 10 23 43 49 50 82 87 119
a 768 79 79 0 17 31 36 144 158
a 769 79 79 65 92 155 188 189 193
a 770 79 79 11 33 54 63 73 125
a 771 79 79 31 63 112 127 167
a 772 79 79 86 95 110 160
a 773 79 79 11 22 92 159
a 774 79 79 4 115 152 196
a 775 79 79 10 81 122
a 776 79 79 138 155 162
a 777 80 80 3 12 47 53 68 72 95 103 131 162
a 778 80 80 15 44 47 58 75 109 132 137
a 779 80 80 4 61 68 195 198
a 780 80 80 9 31 50 53 77
a 781 80 80 130 132 169 184 189
a 782 80 80 80 113 182 193
a 783 80 80 4 20 151
a 784 80 80 19 69 78
a 785 80 80 7 42 69
a 786 80 80 58 96 156
a 787 80 80 35 166
a 788 80 80 37 156
a 789 80 80 71 183
a 790 80 80 64 72
a 791 81 81 10 32 98 100 131
a 792 81 81 12 43 74 94 172
a 793 81 81 44 60 74 193 196
a 794 81 81 26 45 52 167
a 795 81 81 16 94 95 124
a 796 81 81 58 92 118 120
a 797 81 81 5 48 63 185
a 798 81 81 36 74 110 161
a 799 81 81 68 86 104 196
a 800 81 81 25 62 72 91
a 801 81 81 28 31 177
a 802 81 81 107 148 157
a 803 82 82 65 66 69 110 138 166
a 804 82 82 29 58 83 87 109 187
a 805 82 82 3 16 126 141 150 182
a 806 82 82 32 69 126 141 194
a 807 82 82 32 38 45 156 160
a 808 82 82 67 99 170 181
a 809 82 82 17 52 99 168
a 810 82 82 15 84 145 179
a 811 82 82 46 69 124 168
a 812 82 82 3 25 92 127
a 813 82 82 45 158 172
a 814 82 82 177 196
a 815 82 82 30 192
a 816 82 82 70 100
a 817 83 83 0 22 26 36 39 42 49 169
a 818 83 83 29 52 60 76 106 121 152 165
a 819 83 83 48 63 65 67 118 140 184
a 820 83 83 22 30 100 108 160 174
a 821 83 83 57 134 169 187 198
a 822 83 83 58 119 144 158 161
a 823 83 83 26 51 116 147
a 824 83 83 31 62 158 175
a 825 83 83 4 9 44 83
a 826 83 83 15 40 57 151
a 827 83 83 106 168 199
a 828 83 83 10 58 104
a 829 83 83 57 101
a 830 84 84 2 7 35 66 80 85 89 132
a 831 84 84 25 26 125 146 170 181 198
a 832 84 84 46 90 95 118 141 151
a 833 84 84 5 66 92 141 190 197
a 834 84 84 74 88 106 129 137
a 835 84 84 5 35 162 168 184
a 836 84 84 29 37 72 113 153
a 837 84 84 104 160 168 187
a 838 84 84 86 127 130 178
a 839 84 84 139 171 180
a 840 84 84 37 93 187
a 841 84 84 78 106 178
a 842 84 84 10 59 178
a 843 85 85 4 28 71 141 160 166 193
a 844 85 85 39 51 84 146 187 195 196
a 845 85 85 22 146 183 197
a 846 85 85 35 63 173 186
a 847 85 85 130 156 176 194
a 848 86 86 1 3 83 115 170 193 195
a 849 86 86 2 14 34 181 186
a 850 86 86 16 41 62 95 182
a 851 86 86 19 37 86 92 135
a 852 86 86 43 50 70 72
a 853 86 86 67 70 75 146
a 854 86 86 76 121 153 168
a 855 86 86 2 62 110
a 856 86 86 8 17 46
a 857 86 86 169
a 858 86 86 149
a 859 87 87 59 79 82 96 104 109 167 171
a 860 87 87 2 97 101 119 136
a 861 87 87 66 106 107 116 140
a 862 87 87 73 103 105 163
a 863 87 87 48 85 98 155
a 864 87 87 2 45 125 182
a 865 87 87 148 166 193
a 866 87 87 84 95 99
a 867 87 87 23 74 147
a 868 87 87 66 185
a 869 87 87 16 78
a 870 88 88 15 24 81 83 106
a 871 88 88 0 1 31 49 142
a 872 88 88 40 86 120 168
a 873 88 88 8 55 167
a 874 88 88 82 134 160
a 875 88 88 86 113 127
a 876 88 88 30 96
a 877 88 88 93 170
a 878 88 88 5 133
a 879 88 88 37
a 880 88 88 38
a 881 89 89 12 33 51 61 146 191
a 882 89 89 27 58 90 100 117
a 883 89 89 12 27 44
a 884 89 89 41 63 80
a 885 89 89 15 52 84
a 886 89 89 54 158 175
a 887 89 89 2 64
a 888 89 89 81 145
a 889 89 89 42 53
a 890 89 89 139
a 891 90 90 50 59 101 125 162 166
a 892 90 90 14 73 80 112 120 164
a 893 90 90 39 77 101 144 189 197
a 894 90 90 72 95 113 169 184 185
a 895 90 90 46 77 147 165 170
a 896 90 90 22 77 83 91 125
a 897 90 90 23 87 105 184
a 898 90 90 2 28 97 144
a 899 90 90 4 14 79 133
a 900 90 90 96 154
a 901 90 90 52 77
a 902 90 90 34
a 903 91 91 2 3 62 66 75 107 137 160
a 904 91 91 51 52 57 67 137 179
a 905 91 91 49 71 86 147
a 906 91 91 5 44 66 96
a 907 91 91 81 123 198
a 908 91 91 63 163 199
a 909 91 91 78 176
a 910 91 91 4 189
a 911 91 91 27
a 912 91 91 105
a 913 92 92 7 17 23 32 64 75 110 118
a 914 92 92 10 13 74 75 84 98
a 915 92 92 47 74 118 130 163 172
a 916 92 92 9 57 124 149 180
a 917 92 92 41 46 124 152
a 918 92 92 15 92 119
a 919 92 92 68 151 194
a 920 92 92 26 52 136
a 921 92 92 44 49 91
a 922 93 93 9 27 36 127 139 160 181
a 923 93 93 37 104 185 196
a 924 93 93 10 95 120
a 925 93 93 134 161 172
a 926 93 93 12 48
a 927 93 93 4
a 928 94 94 9 30 43 141 171 177 178 183
a 929 94 94 2 29 35 79 126 177
a 930 94 94 45 53 54 79 160
a 931 94 94 39 136 151 152 171
a 932 94 94 64 106 132 167 172
a 933 94 94 114 122 131 183
a 934 94 94 36 91 112 191
a 935 94 94 11 17 60 154
a 936 94 94 9 67 74 134
a 937 94 94 8 30 35
a 938 94 94 164 184 196
a 939 95 95 25 49 64 145 168 172
a 940 95 95 51 140 141 142 148 177
a 941 95 95 48 72 119
a 942 95 95 12 21 146
a 943 95 95 148 152 188
a 944 95 95 16 182
a 945 95 95 64
a 946 95 95 13
a 947 96 96 17 88 131 160 167 176 182 199
a 948 96 96 9 83 90 147 154
a 949 96 96 92 99 121 133 189
a 950 96 96 36 67 89 169 182
a 951 96 96 26 67 93 191
a 952 96 96 8 71 125 185
a 953 96 96 98 107 182
a 954 96 96 12 42 60
a 955 96 96 18 141
a 956 96 96 84 173
a 957 97 97 8 51 69 96 192 199
a 958 97 97 11 65 78 87 112 181
a 959 97 97 18 41 79 102 192
a 960 97 97 39 62 155 168 181
a 961 97 97 9 103 125 173 193
a 962 97 97 21 41 122
a 963 97 97 18 78 137
a 964 97 97 13 43 84
a 965 97 97 106 180
a 966 97 97 79 90
a 967 97 97 123 175
a 968 98 98 85 91 118 138 178 196
a 969 98 98 23 46 76 160 168
a 970 98 98 50 80 94 147 186
a 971 98 98 5 36 95 113
a 972 98 98 24 67 151
a 973 98 98 37 135 171
a 974 98 98 158 181
a 975 98 98 43 111
a 976 98 98 194 195
a 977 99 99 3 7 21 54 57 103 121 195
a 978 99 99 10 34 36 104 128 140 161
a 979 99 99 35 69 110 141 151 184
a 980 99 99 7 25 48 80 123 185
a 981 99 99 46 88 166 171 179 199
a 982 99 99 17 62 102 145 187
a 983 99 99 43 88 109
a 984 99 99 12 69 146
a 985 99 99 6 34
a 986 99 99 82 102
a 987 99 99 86 168
a 988 99 99 18 170
a 989 99 99 18
a 990 100 100 18 55 68 78 146 167 182
a 991 100 100 31 57 71 93 164 170 186
a 992 100 100 52 62 149 154 194
a 993 100 100 18 36 57 75 77
a 994 100 100 86 94 143 151
a 995 100 100 7 37 83 139
a 996 100 100 63 65 161
a 997 100 100 0 129 136
a 998 100 100 53 107 143
a 999 100 100 66 94 160
s 0 1
s 1 1
s 2 1
s 3 1
s 4 1
s 5 1
s 6 1
s 7 1
s 8 1
s 9 1
s 10 1
s 11 1
s 12 1
s 13 1
s 14 1
s 15 1
s 16 1
s 17 1
s 18 1
s 19 1
s 20 1
s 21 1
s 22 1
s 23 1
s 24 1
s 25 1
s 26 1
s 27 1
s 28 1
s 29 1
s 30 1
s 31 1
s 32 1
s 33 1
s 34 1
s 35 1
s 36 1
s 37 1
s 38 1
s 39 1
s 40 1
s 41 1
s 42 1
s 43 1
s 44 1
s 45 1
s 46 1
s 47 1
s 48 1
s 49 1
s 50 1
s 51 1
s 52 1
s 53 1
s 54 1
s 55 1
s 56 1
s 57 1
s 58 1
s 59 1
s 60 1
s 61 1
s 62 1
s 63 1
s 64 1
s 65 1
s 66 1
s 67 1
s 68 1
s 69 1
s 70 1
s 71 1
s 72 1
s 73 1
s 74 1
s 75 1
s 76 1
s 77 1
s 78 1
s 79 1
s 80 1
s 81 1
s 82 1
s 83 1
s 84 1
s 85 1
s 86 1
s 87 1
s 88 1
s 89 1
s 90 1
s 91 1
s 92 1
s 93 1
s 94 1
s 95 1
s 96 1
s 97 1
s 98 1
s 99 1
s 100 1
s 101 1
s 102 1
s 103 1
s 104 1
s 105 1
s 106 1
s 107 1
s 108 1
s 109 1
s 110 1
s 111 1
s 112 1
s 113 1
s 114 1
s 115 1
s 116 1
s 117 1
s 118 1
s 119 1
s 120 1
s 121 1
s 122 1
s 123 1
s 124 1
s 125 1
s 126 1
s 127 1
s 128 1
s 129 1
s 130 1
s 131 1
s 132 1
s 133 1
s 134 1
s 135 1
s 136 1
s 137 1
s 138 1
s 139 1
s 140 1
s 141 1
s 142 1
s 143 1
s 144 1
s 145 1
s 146 1
s 147 1
s 148 1
s 149 1
s 150 1
s 151 1
s 152 1
s 153 1
s 154 1
s 155 1
s 156 1
s 157 1
s 158 1
s 159 1
s 160 1
s 161 1
s 162 1
s 163 1
s 164 1
s 165 1
s 166 1
s 167 1
s 168 1
s 169 1
s 170 1
s 171 1
s 172 1
s 173 1
s 174 1
s 175 1
s 176 1
s 177 1
s 178 1
s 179 1
s 180 1
s 181 1
s 182 1
s 183 1
s 184 1
s 185 1
s 186 1
s 187 1
s 188 1
s 189 1
s 190 1
s 191 1
s 192 1
s 193 1
s 194 1
s 195 1
s 196 1
s 197 1
s 198 1
s 199 1
