p 1000 200
a 0 1 1 17 31 74 75 106 189 195 198
a 1 1 1 2 3 107 109 137 159 180
a 2 1 1 9 11 97 109 127 153
a 3 1 1 75 101 117 174
a 4 1 1 85 105 159 179
a 5 1 1 9 16 94 95
a 6 1 1 77 91 163
a 7 1 1 38 64 187
a 8 1 1 81 108 141
a 9 1 1 93 132 185
a 10 1 1 30 32 128
a 11 1 1 27
a 12 2 2 48 60 71 78 83 96 165
a 13 2 2 5 12 46 60 64 163
a 14 2 2 18 145 196 198
a 15 2 2 22 35 120 166
a 16 2 2 16 31 65 121
a 17 2 2 4 44 75 76
a 18 2 2 22 45 60 99
a 19 2 2 31 52 88 119
a 20 2 2 50 60 72
a 21 2 2 1 169 182
a 22 2 2 166 168 190
a 23 2 2 11 80 81
a 24 2 2 80 174 191
a 25 2 2 59 144 184
a 26 2 2 132 152
a 27 3 3 25 66 67 91 126 150
a 28 3 3 11 46 75 103 117
a 29 3 3 52 63 74 88 127
a 30 3 3 85 139 184 196
a 31 3 3 28 77 116 135
a 32 3 3 16 120 140 158
a 33 3 3 28 124 127 169
a 34 3 3 26 35 43 121
a 35 3 3 19 65 199
a 36 3 3 2 31
a 37 3 3 40 127
a 38 3 3 34 151
a 39 3 3 78 198
a 40 3 3 94
a 41 3 3 87
a 42 4 4 34 70 93 135 188 194
a 43 4 4 20 39 43 95 175 176
a 44 4 4 11 77 89 159 179 191
a 45 4 4 40 49 147 156 180
a 46 4 4 1 62 83 131 166
a 47 4 4 30 111 142 181
a 48 4 4 14 139 142 165
a 49 4 4 75 100 148
a 50 4 4 5 75 111
a 51 4 4 25 73 120
a 52 4 4 8 64
a 53 4 4 90 162
a 54 4 4 69 190
a 55 4 4 2 127
a 56 5 5 21 115 128 142 149 195
a 57 5 5 87 89 150 164 170 174
a 58 5 5 8 129 140 145 146
a 59 5 5 11 67 143 170
a 60 5 5 54 84 134 177
a 61 5 5 79 110 164
a 62 5 5 22 37 96
a 63 5 5 9 193
a 64 5 5 124
a 65 6 6 10 43 48 69 92 113
a 66 6 6 22 28 37 64 113
a 67 6 6 13 148 171 174
a 68 6 6 118 131 164 196
a 69 6 6 28 163 171 174
a 70 6 6 29 107 162
a 71 6 6 40 63 80
a 72 6 6 24 83
a 73 6 6 11 90
a 74 6 6 99 130
a 75 6 6 109 121
a 76 7 7 42 47 133 134 138 164 165 190
a 77 7 7 5 6 51 55 67 113 198
a 78 7 7 74 81 87 104 106 135 198
a 79 7 7 17 21 39 65 105 144 162
a 80 7 7 4 102 109 139 160 182
a 81 7 7 22 62 93 96 105 139
a 82 7 7 38 50 124 155 179
a 83 7 7 31 94 110 184
a 84 7 7 4 22 58 134
a 85 7 7 15 95 154
a 86 7 7 88 171 174
a 87 8 8 113 120 150 153 198
a 88 8 8 55 82 112 186 199
a 89 8 8 61 64 107 113
a 90 8 8 0 36 101 114
a 91 8 8 78 84 143
a 92 8 8 3 93 96
a 93 8 8 84 136 151
a 94 8 8 40 117 166
a 95 8 8 32 64 108
a 96 8 8 18 177
a 97 9 9 17 37 71 87 99
a 98 9 9 1 13 28 98
a 99 9 9 59 144 196 198
a 100 9 9 9 61 180
a 101 9 9 122 198
a 102 9 9 68 106
a 103 9 9 9 124
a 104 9 9 52
a 105 10 10 23 28 104 125 146
a 106 10 10 43 117 123 152 195
a 107 10 10 55 92 98 190
a 108 10 10 20 79 177
a 109 10 10 23 79 158
a 110 10 10 29 103
a 111 10 10 18 136
a 112 10 10 107
a 113 10 10 75
a 114 11 11 2 16 29 35 71 76 98
a 115 11 11 4 21 52 56 106 157
a 116 11 11 11 135 138 156 196
a 117 11 11 10 24 107 159
a 118 11 11 137 146 153 194
a 119 11 11 7 53 110
a 120 11 11 30 41
a 121 12 12 17 24 45 53 54 77 82 88 135 165 174
a 122 12 12 50 74 115 123 135 140 142 176 194 199
a 123 12 12 42 85 104 139 161 182 183
a 124 12 12 3 19 20 46 53 150
a 125 12 12 70 142 144 152 168
a 126 12 12 14 57 67 101 191
a 127 12 12 63 142 150 172
a 128 12 12 6 23 92 155
a 129 12 12 55 170 187
a 130 12 12 30 51 87
a 131 12 12 31 113
a 132 12 12 121 154
a 133 12 12 159
a 134 12 12 33
a 135 13 13 8 11 12 109 128 129 164 193
a 136 13 13 38 62 114 120 135 142
a 137 13 13 26 63 159 167 193
a 138 13 13 8 105 115 185
a 139 13 13 61 107 129
a 140 13 13 23 30 140
a 141 13 13 102 112 155
a 142 13 13 87 178
a 143 14 14 9 19 57 122 183 184
a 144 14 14 39 40 150 157 176 178
a 145 14 14 17 120 124 144 149 172
a 146 14 14 25 63 81 128 149
a 147 14 14 24 63 75 89 104
a 148 14 14 14 20 85 109 110
a 149 14 14 7 99 135 141 152
a 150 14 14 2 58 126 192
a 151 14 14 70 91 120 155
a 152 14 14 61 115 116 177
a 153 14 14 52 53 160 184
a 154 14 14 32 36 116
a 155 14 14 129 149
a 156 14 14 172
a 157 15 15 21 50 53 66 95 146 186 191
a 158 15 15 24 95 111 140 158 170 195
a 159 15 15 2 28 75 126 127 174
a 160 15 15 44 94 101 114 172
a 161 15 15 11 17 116 158 176
a 162 15 15 31 45 55 63 69
a 163 15 15 24 112 141 165
a 164 15 15 4 25 167 174
a 165 15 15 111 160 199
a 166 15 15 51 78 156
a 167 15 15 69 152 179
a 168 15 15 119 174 178
a 169 15 15 44 153
a 170 15 15 55 132
a 171 15 15 16 21
a 172 15 15 156
a 173 16 16 78 129 154 178
a 174 16 16 18 111 194
a 175 16 16 49 95 192
a 176 16 16 25 90 156
a 177 16 16 2 8 51
a 178 16 16 60 88 104
a 179 17 17 9 16 23 62 127 163 164 171 187
a 180 17 17 14 32 105 144
a 181 17 17 2 106 125
a 182 17 17 24 100 130
a 183 17 17 31 108
a 184 18 18 14 19 42 70 83 160
a 185 18 18 46 65 108 118 148
a 186 18 18 20 120 136 140 179
a 187 18 18 25 64 119 152
a 188 18 18 92 101 152 162
a 189 18 18 102 148 166 183
a 190 18 18 50 99 106 129
a 191 18 18 1 91 153 193
a 192 18 18 86 89 136
a 193 18 18 26 50 197
a 194 18 18 19 39 130
a 195 18 18 115 122
a 196 18 18 30 124
a 197 19 19 23 34 36 43 193
a 198 19 19 38 43 50 56 179
a 199 19 19 5 50 68
a 200 19 19 48 139 190
a 201 19 19 16 63 109
a 202 19 19 102 104 109
a 203 19 19 80 111
a 204 20 20 13 34 116 127 145 152
a 205 20 20 39 45 129 176 177
a 206 20 20 69 76 96 171
a 207 20 20 57 58 148 175
a 208 20 20 24 52 82 87
a 209 20 20 35 62 198
a 210 20 20 62 101 158
a 211 20 20 51 126 137
a 212 20 20 23 66 116
a 213 20 20 0 8
a 214 20 20 119 161
a 215 20 20 39 84
a 216 20 20 187
a 217 21 21 2 103 118 124 145 147
a 218 21 21 19 51 93 96
a 219 21 21 50 52 85 171
a 220 21 21 67 118 145 147
a 221 21 21 41 100 195
a 222 21 21 52 159
a 223 21 21 35 175
a 224 21 21 16
a 225 22 22 47 70 117 119 153 163 192
a 226 22 22 23 55 95 180 189
a 227 22 22 2 14 37 49 179
a 228 22 22 60 116 161 196
a 229 22 22 0 176 192
a 230 22 22 59 104 168
a 231 22 22 11 111 155
a 232 22 22 55 126 159
a 233 22 22 38 64 125
a 234 22 22 48 187
a 235 23 23 5 46 100 128 137 164 165 168 199
a 236 23 23 95 117 122 133 150 188 189
a 237 23 23 34 38 91 178 193
a 238 23 23 38 89 101 124 177
a 239 23 23 46 92 140 177
a 240 23 23 62 111 131 149
a 241 23 23 15 37 87 101
a 242 23 23 68 116 152
a 243 23 23 23 152 158
a 244 23 23 37 103
a 245 23 23 32 157
a 246 24 24 50 56 90 120 146 171
a 247 24 24 37 45 84 97 122 159
a 248 24 24 67 73 123 126 176
a 249 24 24 43 57 134 140
a 250 24 24 36 87 178 187
a 251 24 24 38 51 83
a 252 24 24 18 166 181
a 253 24 24 59 119 197
a 254 24 24 10 78 140
a 255 24 24 91 142
a 256 24 24 61
a 257 25 25 8 29 41 83 184
a 258 25 25 51 66 72 89 187
a 259 25 25 108 110 121 131 190
a 260 25 25 4 75 142 148
a 261 25 25 60 110 118
a 262 25 25 53 85 172
a 263 25 25 152 193
a 264 25 25 150 197
a 265 26 26 30 55 81 83 99 120 148 195
a 266 26 26 21 79 85 93 177
a 267 26 26 29 81 140 158 178
a 268 26 26 74 82 129 186
a 269 26 26 79 88 150 195
a 270 26 26 57 58 187
a 271 26 26 145 160 199
a 272 26 26 19 106
a 273 27 27 59 73 75 88 95 139 150 153
a 274 27 27 13 33 86 113 146 158 192
a 275 27 27 7 9 29 40 114 167
a 276 27 27 4 92 120 127 132 172
a 277 27 27 7 10 33 72 195
a 278 27 27 27 30 35 70 162
a 279 27 27 4 115 125 128 159
a 280 27 27 37 112 195
a 281 27 27 77 127 145
a 282 27 27 121 180
a 283 27 27 96 168
a 284 27 27 65 152
a 285 27 27 99 124
a 286 28 28 21 68 105 123 124
a 287 28 28 8 96 154 175 192
a 288 28 28 0 79 140 150
a 289 28 28 4 92 129
a 290 28 28 39 49 179
a 291 28 28 146 197
a 292 28 28 80 103
a 293 29 29 21 26 52 146 153 186 191
a 294 29 29 38 81 87 98 112 157
a 295 29 29 36 44 53 59 84 195
a 296 29 29 16 48 70 108 112
a 297 29 29 16 123 146
a 298 29 29 1 49 191
a 299 29 29 74 141
a 300 29 29 37 102
a 301 30 30 27 31 76 119 135
a 302 30 30 19 105 128 137
a 303 30 30 103 159 184
a 304 30 30 22 85
a 305 30 30 100 103
a 306 31 31 8 27 40 70 154 162
a 307 31 31 66 71 137 151 197
a 308 31 31 107 153 164 171 179
a 309 31 31 36 119 150 170
a 310 31 31 35 106 114 190
a 311 31 31 26 61 94 120
a 312 31 31 21 45 68 180
a 313 31 31 91 148 189
a 314 31 31 26 47
a 315 31 31 128 187
a 316 32 32 5 16 25 40 76 130 178
a 317 32 32 11 49 63 124 145
a 318 32 32 51 53 114 139 193
a 319 32 32 39 54 80 112 121
a 320 32 32 47 138 170 183
a 321 32 32 1 24 31 89
a 322 32 32 25 54 126 151
a 323 32 32 18 35 105 135
a 324 32 32 25 42
a 325 32 32 75 183
a 326 32 32 166
a 327 33 33 3 8 17 76 90 156 199
a 328 33 33 56 132 142 172 195 198
a 329 33 33 25 44 72 79 115
a 330 33 33 4 38 76 130
a 331 33 33 5 14 42 76
a 332 33 33 70 108 187
a 333 33 33 3 39 171
a 334 33 33 33 61 98
a 335 33 33 37 65
a 336 33 33 3
a 337 34 34 4 21 72 139 163 172 193
a 338 34 34 26 49 53 121 130 148
a 339 34 34 1 65 127 132 173
a 340 34 34 51 94 112 166 187
a 341 34 34 40 43 45 120 184
a 342 34 34 58 122 165 179
a 343 34 34 41 127 148
a 344 35 35 2 34 38 47 68 76 98 195
a 345 35 35 42 135 141 144 151
a 346 35 35 48 106 109 120 192
a 347 35 35 149 163 166 170
a 348 35 35 62 87 145 181
a 349 35 35 79 85 101
a 350 35 35 0 58
a 351 35 35 26 150
a 352 36 36 4 35 67 86 145 168
a 353 36 36 15 64 109 137 146
a 354 36 36 43 48 86 96 187
a 355 36 36 76 110 126 130 197
a 356 36 36 49 77 152 190
a 357 36 36 31 41 145 194
a 358 36 36 49 77 79 114
a 359 36 36 73 88 90 131
a 360 36 36 115 130 196
a 361 36 36 54 84
a 362 36 36 69 140
a 363 37 37 13 40 60 67 84 168 171 190
a 364 37 37 15 24 34 60 163 190
a 365 37 37 29 119 120 137 189
a 366 37 37 46 122 124 131 154
a 367 37 37 79 93 98 152 164
a 368 37 37 64 109 138 194
a 369 37 37 23 38 61
a 370 37 37 11 19 22
a 371 37 37 36 166
a 372 37 37 146 156
a 373 37 37 37 64
a 374 38 38 14 96 117 146 148 150
a 375 38 38 30 127 132 185 191
a 376 38 38 24 39 84 111 133
a 377 38 38 44 79 158 166 182
a 378 38 38 7 52 54 145
a 379 38 38 91 138 157 188
a 380 38 38 42 60 62 108
a 381 38 38 51 66 146
a 382 38 38 76 188 192
a 383 38 38 76 164 196
a 384 38 38 12 81
a 385 38 38 76 157
a 386 38 38 56
a 387 39 39 2 37 52 69 98 100 101 133 197
a 388 39 39 7 12 47 60 131 155 182
a 389 39 39 16 21 31 55 101 128 187
a 390 39 39 3 74 87 140
a 391 39 39 54 98 156 191
a 392 39 39 78 109 115 186
a 393 39 39 17 147 167 185
a 394 39 39 72 116 134
a 395 39 39 23 86 141
a 396 39 39 23 160
a 397 40 40 32 43 135 155 165 170 187
a 398 40 40 19 40 59 127 165 180 189
a 399 40 40 4 11 19 99 149 178
a 400 40 40 21 70 94 134 146
a 401 40 40 3 9 33 71 86
a 402 40 40 85 90 96 123 134
a 403 40 40 48 50 116 137 142
a 404 40 40 15 34 130 157
a 405 40 40 44 94 103 127
a 406 40 40 112 116 130 189
a 407 40 40 56 96 163
a 408 40 40 48 181
a 409 40 40 23 147
a 410 41 41 45 55 92 95 103 123
a 411 41 41 32 74 116 120 127 170
a 412 41 41 43 106 109 119 194
a 413 41 41 17 39 56 105 135
a 414 41 41 50 102 143 192
a 415 41 41 0 69 166 190
a 416 41 41 55 80 178 199
a 417 41 41 15 129
a 418 41 41 31 50
a 419 42 42 85 88 108 129 141
a 420 42 42 11 18 34 84 191
a 421 42 42 9 66 82 127 154
a 422 42 42 13 154 181 197
a 423 42 42 64 88 121 141
a 424 42 42 59 61 88 101
a 425 42 42 12 14 173
a 426 42 42 62 78 84
a 427 42 42 15 106 107
a 428 42 42 22 51 187
a 429 42 42 125 151
a 430 42 42 56
a 431 42 42 198
a 432 43 43 11 71 98 125 143 151 173
a 433 43 43 10 88 93 144 151 188
a 434 43 43 6 79 102 154
a 435 43 43 14 67 86 194
a 436 43 43 7 14 63 139
a 437 43 43 116 140 184
a 438 43 43 22 65 104
a 439 43 43 51 109
a 440 43 43 118 144
a 441 43 43 35 57
a 442 44 44 37 82 94 165 177
a 443 44 44 60 77 98 179 187
a 444 44 44 17 45 140 146
a 445 44 44 32 84 153 192
a 446 44 44 30 35 70 118
a 447 44 44 75 98 162
a 448 44 44 15 59 133
a 449 44 44 27 28 93
a 450 45 45 16 60 102 127 186
a 451 45 45 22 78 92 100 195
a 452 45 45 42 132 134 138
a 453 45 45 18 45 61 67
a 454 45 45 21 46 77 160
a 455 45 45 20 43 104
a 456 45 45 53 107 179
a 457 45 45 93 122
a 458 46 46 6 38 108 126 170 199
a 459 46 46 11 17 28 125 197
a 460 46 46 78 113 158 174 186
a 461 46 46 36 105 142 174
a 462 46 46 10 36 65 101
a 463 46 46 89 128 145
a 464 46 46 98 114 131
a 465 46 46 44 71 172
a 466 46 46 41 79
a 467 46 46 25 71
a 468 46 46 5
a 469 47 47 24 32 37 57 61 62 182 195
a 470 47 47 24 101 161 168 183
a 471 47 47 23 90 116 130 155
a 472 47 47 71 79 108 142
a 473 47 47 34 106 130 149
a 474 47 47 60 80 142 181
a 475 47 47 8 21 72 99
a 476 47 47 42 102 134 158
a 477 47 47 27 139 199
a 478 47 47 28 154 164
a 479 47 47 10 151 163
a 480 47 47 35
a 481 47 47 96
a 482 47 47 52
a 483 48 48 37 41 88 126 199
a 484 48 48 35 100 114 178
a 485 48 48 14 178 179 197
a 486 48 48 23 79 165 194
a 487 48 48 0 64
a 488 48 48 92 140
a 489 49 49 57 68 84 94 107 145 155
a 490 49 49 0 6 87 135 162
a 491 49 49 21 76 80 167 190
a 492 49 49 7 98 154 157
a 493 49 49 46 78 87 167
a 494 49 49 5 48 99 115
a 495 49 49 53 107 172
a 496 49 49 90 131 169
a 497 49 49 105 133
a 498 49 49 33 132
a 499 50 50 1 23 33 65 67 118 153
a 500 50 50 17 55 81 106 187 196
a 501 50 50 40 49 59 103 188
a 502 50 50 65 74 156 180
a 503 50 50 79 129 180 184
a 504 50 50 68 127 143 163
a 505 50 50 4 74 177
a 506 50 50 7 92 138
a 507 50 50 158
a 508 51 51 60 61 75 101 118 137 169 173 195
a 509 51 51 26 87 105 111 160 162 198
a 510 51 51 98 121 140 155
a 511 51 51 6 51 130
a 512 51 51 42 150 157
a 513 52 52 14 63 97 127 143
a 514 52 52 138 149 178 181 194
a 515 52 52 85 100 107 112
a 516 52 52 24 67 136 151
a 517 52 52 0 29 145 181
a 518 52 52 97 112 169
a 519 52 52 138 153
a 520 52 52 97 175
a 521 52 52 188
a 522 52 52 29
a 523 53 53 52 64 76 87 142
a 524 53 53 71 87 123 154 186
a 525 53 53 16 134 145 153
a 526 53 53 38 132 138 187
a 527 53 53 16 67 86
a 528 53 53 97 162 186
a 529 53 53 39 45 81
a 530 53 53 25 50 69
a 531 53 53 81 167
a 532 53 53 28 186
a 533 53 53 72
a 534 54 54 31 43 51 86 100 153 165 168
a 535 54 54 34 51 57 136 174
a 536 54 54 7 95 172 182 192
a 537 54 54 9 61 87 174 195
a 538 54 54 78 101 150 174
a 539 54 54 4 89 119 145
a 540 54 54 57 65 80 135
a 541 54 54 33 70 95 158
a 542 54 54 13 36 89
a 543 54 54 170 184
a 544 54 54 130 182
a 545 55 55 12 57 58 68 165
a 546 55 55 15 16 83 127 167
a 547 55 55 6 89 167 178
a 548 55 55 74 93 97 187
a 549 55 55 106 160 180
a 550 55 55 6 27 62
a 551 55 55 92 128 146
a 552 55 55 31 121 147
a 553 55 55 175
a 554 56 56 10 35 78 108 166 170 177
a 555 56 56 26 32 81 122 127 175 185
a 556 56 56 4 31 39 103 107 191
a 557 56 56 41 51 59 60 96 198
a 558 56 56 3 13 38 67 94
a 559 56 56 21 22 61 186
a 560 56 56 62 70 99 114
a 561 56 56 71 72 117
a 562 56 56 80 83
a 563 57 57 56 85 86 172 178 191
a 564 57 57 15 68 118 137 139
a 565 57 57 31 115 121 175 194
a 566 57 57 0 114 128 136 163
a 567 57 57 7 30 53 128 198
a 568 57 57 13 31 76 97
a 569 57 57 14 89 117 131
a 570 57 57 30 66 98
a 571 57 57 59 136 187
a 572 57 57 56 161
a 573 57 57 152
a 574 58 58 45 125 145 150 157 158 161 183
a 575 58 58 6 10 61 64 73 147 173
a 576 58 58 44 91 101 123 188
a 577 58 58 5 42 109 193
a 578 58 58 45 62 67 126
a 579 58 58 20 36 108 159
a 580 58 58 65 93 129
a 581 58 58 78 80 132
a 582 58 58 19 139
a 583 59 59 49 62 79 122 125 133 146 152
a 584 59 59 26 28 31 60 85 118 191
a 585 59 59 44 87 95 154 175 193
a 586 59 59 2 79 80 156 171
a 587 59 59 2 66 118 185
a 588 59 59 17 58 112 131
a 589 59 59 4 42 101 183
a 590 59 59 58 145 194
a 591 59 59 42 127 140
a 592 59 59 85 104 188
a 593 59 59 14 103
a 594 59 59 16 70
a 595 59 59 189 195
a 596 60 60 36 48 53 59 83 101 111 137 152 175
a 597 60 60 15 23 56 87 121 193
a 598 60 60 67 84 99
a 599 60 60 9 36 170
a 600 60 60 14 59 116
a 601 60 60 108 182
a 602 61 61 27 33 46 75 124 132 182 190
a 603 61 61 58 81 113 122 166 172
a 604 61 61 18 82 83 132 140
a 605 61 61 32 37 60 97 196
a 606 61 61 2 48 78 117
a 607 61 61 7 29 115 117
a 608 61 61 13 162 190 195
a 609 61 61 36 101
a 610 61 61 189
a 611 62 62 11 28 35 45 121 160
a 612 62 62 74 134 181 191
a 613 62 62 2 188
a 614 62 62 154 159
a 615 62 62 133 168
a 616 62 62 197
a 617 63 63 28 50 97 101 103 146 191
a 618 63 63 1 37 47 67 72 164
a 619 63 63 22 34 92 100 110 125
a 620 63 63 7 46 144 153 175
a 621 63 63 17 19 121 125
a 622 63 63 32 39 85 155
a 623 63 63 65 108 123
a 624 63 63 19 27
a 625 63 63 153
a 626 64 64 26 42 46 60 62 106 146
a 627 64 64 1 65 84 99 151 182
a 628 64 64 2 21 23 39 45 149
a 629 64 64 22 99 129 171 189
a 630 64 64 22 85 155 170 190
a 631 64 64 8 43 92 183
a 632 64 64 44 60 126 150
a 633 64 64 10 99 115 137
a 634 64 64 2 9 106 152
a 635 64 64 2 23 29 151
a 636 64 64 39 124 153
a 637 64 64 9 13 108
a 638 64 64 63 141
a 639 65 65 1 6 34 105 108 123 142 189
a 640 65 65 23 55 69 112 116
a 641 65 65 13 85 136 137
a 642 65 65 6 81 155
a 643 65 65 27 62 198
a 644 65 65 31 40 150
a 645 65 65 126
a 646 66 66 22 34 67 96 137 156 175
a 647 66 66 6 39 62 71 113 117
a 648 66 66 55 67 70 132 160 181
a 649 66 66 56 57 110 116 143 192
a 650 66 66 34 44 58 143 175
a 651 66 66 6 15 38 40 41
a 652 66 66 4 42 60 104 161
a 653 66 66 16 49 85 113
a 654 66 66 8 44 152
a 655 66 66 48 98 184
a 656 66 66 39 190
a 657 66 66 151
a 658 67 67 11 57 59 88 119 168 177 187 188
a 659 67 67 11 24 74 144 184 192
a 660 67 67 72 84 90 140 160
a 661 67 67 54 76 164 179
a 662 67 67 1 143 157 166
a 663 67 67 35 39 135 163
a 664 67 67 138 141 152 167
a 665 67 67 33 80 141 188
a 666 67 67 24 46 180
a 667 67 67 29 110 142
a 668 67 67 10 78 156
a 669 67 67 51 87
a 670 68 68 26 105 114 144 145 150 181 192
a 671 68 68 34 81 93 127 161 189
a 672 68 68 2 20 35 73 79 82
a 673 68 68 10 28 97 101 184
a 674 68 68 57 165 193
a 675 68 68 95 132 163
a 676 68 68 80 126 147
a 677 68 68 20 160
a 678 68 68 106 140
a 679 69 69 16 26 73 115 138 147
a 680 69 69 17 19 22 44 188
a 681 69 69 15 21 57 88
a 682 69 69 48 132
a 683 70 70 15 99 125 131 138 143 171
a 684 70 70 37 79 86 92 143 166 193
a 685 70 70 61 70 100 109 135 154
a 686 70 70 27 44 52 54 106 110
a 687 70 70 10 106 119 158 164 175
a 688 70 70 107 108 115 134 166
a 689 70 70 23 128 137 179 187
a 690 70 70 17 40 42 79 150
a 691 70 70 41 64 115 136 142
a 692 70 70 13 68 113 116 188
a 693 70 70 9 30 132 167
a 694 70 70 25 64 137 166
a 695 70 70 68 165 190
a 696 70 70 3 89 144
a 697 70 70 83 185
a 698 71 71 41 50 70 110 133 141 168
a 699 71 71 35 40 53 123 173
a 700 71 71 5 59 80 157 182
a 701 71 71 12 30 53 148 150
a 702 71 71 3 78 155 162
a 703 71 71 83 116 179
a 704 71 71 74 122
a 705 71 71 44
a 706 72 72 24 32 66 93 109 131 142 183
a 707 72 72 36 77 109 146 162 174 195
a 708 72 72 1 16 44 84 131 178
a 709 72 72 7 58 73 129 140
a 710 72 72 75 86 121 129 179
a 711 72 72 4 5 44 69
a 712 72 72 28 89 145 197
a 713 72 72 32 55 114
a 714 72 72 4 18 133
a 715 72 72 162 165 194
a 716 72 72 50 183
a 717 72 72 58 59
a 718 72 72 83 101
a 719 73 73 0 62 65 76 99 150
a 720 73 73 0 48 75 103 159 178
a 721 73 73 34 58 90 127 157 194
a 722 73 73 54 75 101 197 199
a 723 73 73 26 84 99 151
a 724 73 73 23 73 171 182
a 725 73 73 19 48 59 114
a 726 73 73 75 85 128
a 727 73 73 29 45 106
a 728 73 73 84 98 152
a 729 73 73 31 133
a 730 73 73 9 189
a 731 73 73 31 198
a 732 73 73 3 46
a 733 73 73 48
a 734 74 74 0 8 38 168 174 185 195
a 735 74 74 1 25 33 123
a 736 74 74 69 102 132 154
a 737 74 74 114 151 185 192
a 738 74 74 53 83 130 141
a 739 74 74 49 61 67 84
a 740 74 74 130
a 741 75 75 37 39 56 59 167 182 192
a 742 75 75 16 46 110 134 173 179 188
a 743 75 75 56 81 124 158 167 198
a 744 75 75 79 132 143 163 167
a 745 75 75 18 31 50 145 183
a 746 75 75 24 79 90 130 157
a 747 75 75 36 52 138 159
a 748 75 75 46 59 77 163
a 749 75 75 118 134 146 193
a 750 76 76 10 36 103 111 144 166 168 198
a 751 76 76 22 89 124 135 167 173 198
a 752 76 76 0 21 38 51 59 83
a 753 76 76 88 100 122 125 166 183
a 754 76 76 43 84 99 158 192
a 755 76 76 28 77 80 176 193
a 756 76 76 2 27 152 161 164
a 757 76 76 8 123 178 185
a 758 76 76 44 80 145 190
a 759 76 76 63 122 128 182
a 760 76 76 36 84 93 151
a 761 76 76 40 134 136 182
a 762 76 76 160 181 185
a 763 76 76 146 178 183
a 764 76 76 99 129
a 765 76 76 59 175
a 766 76 76 82 195
a 767 77 77 0 29 36 52 81 104 123 176 188 197
a 768 77 77 106 112 118 148 155
a 769 77 77 7 46 58 186 194
a 770 77 77 31 76 91 100 159
a 771 77 77 91 109 139
a 772 77 77 40 92 179
a 773 77 77 42 64 119
a 774 77 77 89
a 775 78 78 31 36 38 57 121 140 151
a 776 78 78 23 38 47 49 138
a 777 78 78 12 53 94 101
a 778 78 78 11 102 140
a 779 78 78 15 57 107
a 780 78 78 3 175 195
a 781 78 78 25 74 107
a 782 78 78 67
a 783 79 79 26 113 162 178 182 186 189
a 784 79 79 18 57 108 158 182 183
a 785 79 79 31 47 95 97 143 145
a 786 79 79 58 70 128 186 195
a 787 79 79 65 87 108 129 130
a 788 79 79 12 93 151 159 185
a 789 79 79 3 5 68 120 173
a 790 79 79 115 117 154 160
a 791 79 79 59 93 141 142
a 792 79 79 2 8 66 90
a 793 79 79 55 89 124 176
a 794 79 79 50 157
a 795 79 79 1 67
a 796 79 79 199
a 797 80 80 62 76 101 114 116 149 156
a 798 80 80 41 64 104 106 125 181
a 799 80 80 2 11 39 40 60 198
a 800 80 80 16 86 105 109 192
a 801 80 80 4 68 106 120 123
a 802 80 80 108 112 143 162
a 803 80 80 16 20 163 169
a 804 80 80 123 126 162
a 805 80 80 115 162 184
a 806 81 81 17 82 118 152 174 184
a 807 81 81 14 25 40 179 191 193
a 808 81 81 46 78 85 110 158
a 809 81 81 56 76 77 87 178
a 810 81 81 39 87 110 117 140
a 811 81 81 100 136 149 159
a 812 81 81 6 97 146
a 813 81 81 14 32 72
a 814 81 81 65 117
a 815 81 81 69
a 816 82 82 163 181
a 817 82 82 14 190
a 818 83 83 36 67 130 142 168
a 819 83 83 38 42 77 87 116
a 820 83 83 27 42 44 100 174
a 821 83 83 5 53 117 128
a 822 83 83 45 61 158
a 823 83 83 104 167 189
a 824 83 83 59 166
a 825 83 83 159 172
a 826 84 84 14 52 114 123 171 187
a 827 84 84 55 62 75 164
a 828 84 84 15 124 130 161
a 829 84 84 5 55 69
a 830 84 84 12 34 77
a 831 84 84 23 100 133
a 832 84 84 50 152 179
a 833 84 84 94 96
a 834 85 85 11 49 75 78 86 134 195
a 835 85 85 13 45 56 86 91 113 176
a 836 85 85 41 42 105 159 172 191
a 837 85 85 47 79 150 167 188
a 838 85 85 5 26 37 112 148
a 839 85 85 46 80 136 153 187
a 840 85 85 17 43 86 127
a 841 85 85 106 121 162 183
a 842 85 85 18 136 153
a 843 86 86 1 38 46 100 106 137 167 177
a 844 86 86 17 84 110 111 155 161 179
a 845 86 86 36 73 83 116 173 180
a 846 86 86 22 151 174 191 195
a 847 86 86 65 117 179 198
a 848 86 86 2 64 67 172
a 849 86 86 66 82 87 106
a 850 86 86 64 70 180 194
a 851 86 86 15 23 177
a 852 86 86 73 130 196
a 853 87 87 29 55 64 94 126 139 154 164 176
a 854 87 87 24 51 107 179 198
a 855 87 87 88 92 117 123 168
a 856 87 87 91 106 126 153
a 857 87 87 13 50 147 163
a 858 87 87 29 76 96
a 859 87 87 104 155 199
a 860 87 87 28 195
a 861 87 87 46 114
a 862 88 88 36 43 134 136 179 196
a 863 88 88 45 69 80 105 134 192
a 864 88 88 15 30 34 100 130 195
a 865 88 88 67 73 88 175
a 866 88 88 35 46 179
a 867 88 88 39
a 868 89 89 33 37 49 75 94 169
a 869 89 89 49 60 94 118 189
a 870 89 89 27 36 38 65 169
a 871 89 89 55 73 77 96 141
a 872 89 89 2 43 125 139 171
a 873 89 89 14 30 178 197
a 874 89 89 44 96 121 193
a 875 89 89 64 86 110 192
a 876 89 89 49 54 95 171
a 877 89 89 84 187
a 878 89 89 104 125
a 879 90 90 8 24 39 81 122 135 184
a 880 90 90 56 124 156 167 191
a 881 90 90 38 78 110 142 175
a 882 90 90 10 24 38 190
a 883 90 90 4 141 149
a 884 90 90 38 125 164
a 885 90 90 8 154 186
a 886 90 90 196
a 887 91 91 95 96 98 123 169 186
a 888 91 91 9 32 102 145 159 176
a 889 91 91 65 129 162 187
a 890 91 91 16 70 109 111
a 891 91 91 48 66 126 169
a 892 91 91 74 85 148
a 893 91 91 92 109 155
a 894 91 91 62 67 161
a 895 91 91 99 187
a 896 91 91 20 166
a 897 91 91 41 174
a 898 91 91 34 100
a 899 91 91 105 199
a 900 91 91 121 135
a 901 91 91 81 99
a 902 92 92 14 54 74 75 98 118 160 178
a 903 92 92 30 31 163 174 175 179
a 904 92 92 31 106 143 154 174
a 905 92 92 99 103 133 153
a 906 92 92 103 131
a 907 92 92 7 157
a 908 93 93 3 28 77 107 137 140 169
a 909 93 93 56 76 114 195 198
a 910 93 93 54 95 114 159 189
a 911 93 93 87 101 153 180
a 912 93 93 90 121 136 190
a 913 93 93 32 55 128 136
a 914 93 93 23 140 176
a 915 93 93 6 29 126
a 916 93 93 97 128
a 917 93 93 38 91
a 918 93 93 107 119
a 919 94 94 65 69 70 103 122 158 176
a 920 94 94 29 42 49 82 95
a 921 94 94 71 83 148 149 186
a 922 94 94 68 90 149 168
a 923 94 94 29 36 86 149
a 924 94 94 44 82 175
a 925 94 94 39 124 154
a 926 95 95 52 56 72 89 90 140 170 194
a 927 95 95 0 29 93 116 121 186
a 928 95 95 2 66 74 104 141
a 929 95 95 1 16 99 145
a 930 95 95 22 24 61 164
a 931 95 95 95 160 194
a 932 95 95 99 125 130
a 933 95 95 63 130
a 934 96 96 7 28 43 100 143 144 168 185
a 935 96 96 24 38 85 95 118 161 179
a 936 96 96 24 30 47 86 94 170
a 937 96 96 64 134 167 182 191
a 938 96 96 44 108 158 169 199
a 939 96 96 40 98 126 175
a 940 96 96 100 135 156 177
a 941 96 96 9 39 65 100
a 942 96 96 121 130 198
a 943 96 96 82 101 121
a 944 96 96 93 94 151
a 945 96 96 128 177
a 946 97 97 38 66 72 104 140 159
a 947 97 97 6 37 98 109 198
a 948 97 97 8 44 48 173
a 949 97 97 63 98 125 134
a 950 97 97 26 64 86 141
a 951 97 97 35 39 148 167
a 952 97 97 137 141 183
a 953 97 97 6 34 125
a 954 97 97 63 106 185
a 955 97 97 23 38
a 956 97 97 177 199
a 957 98 98 37 47 58 59 67 75 170 180
a 958 98 98 34 104 105 116 133 143 163
a 959 98 98 14 102 155 166 178
a 960 98 98 34 47 54 73 172
a 961 98 98 40 41 162 169
a 962 98 98 64 165 183
a 963 98 98 10 63 146
a 964 98 98 137 180
a 965 99 99 37 51 65 67 98 147 149 154 196
a 966 99 99 39 49 59 120 165 191
a 967 99 99 34 46 48 55 79 116
a 968 99 99 19 69 110 115 141
a 969 99 99 1 12 121 187 196
a 970 99 99 67 104 116 149 175
a 971 99 99 14 75 113 151 174
a 972 99 99 25 55 62 160 163
a 973 99 99 129 144 167 183
a 974 99 99 84 105 173 194
a 975 99 99 62 91 112
a 976 99 99 40 95 197
a 977 99 99 4 133 184
a 978 99 99 149 172 174
a 979 99 99 94 183
a 980 99 99 59
a 981 100 100 31 51 58 62 89 97 177 192
a 982 100 100 6 23 67 125 135 136 156
a 983 100 100 24 39 65 142 157 177 198
a 984 100 100 45 129 144 152 162 163
a 985 100 100 29 42 64 124 170 193
a 986 100 100 52 64 81 155 156
a 987 100 100 5 64 81 84 132
a 988 100 100 18 34 124 161 170
a 989 100 100 0 35 48 89
a 990 100 100 23 53 76 108
a 991 100 100 27 52 68 198
a 992 100 100 23 97 119 127
a 993 100 100 80 156 159
a 994 100 100 82 95 172
a 995 100 100 62 101 183
a 996 100 100 49 110 183
a 997 100 100 80 97
a 998 100 100 6 196
a 999 100 100 54 182
s 0 1
s 1 1
s 2 1
s 3 1
s 4 1
s 5 1
s 6 1
s 7 1
s 8 1
s 9 1
s 10 1
s 11 1
s 12 1
s 13 1
s 14 1
s 15 1
s 16 1
s 17 1
s 18 1
s 19 1
s 20 1
s 21 1
s 22 1
s 23 1
s 24 1
s 25 1
s 26 1
s 27 1
s 28 1
s 29 1
s 30 1
s 31 1
s 32 1
s 33 1
s 34 1
s 35 1
s 36 1
s 37 1
s 38 1
s 39 1
s 40 1
s 41 1
s 42 1
s 43 1
s 44 1
s 45 1
s 46 1
s 47 1
s 48 1
s 49 1
s 50 1
s 51 1
s 52 1
s 53 1
s 54 1
s 55 1
s 56 1
s 57 1
s 58 1
s 59 1
s 60 1
s 61 1
s 62 1
s 63 1
s 64 1
s 65 1
s 66 1
s 67 1
s 68 1
s 69 1
s 70 1
s 71 1
s 72 1
s 73 1
s 74 1
s 75 1
s 76 1
s 77 1
s 78 1
s 79 1
s 80 1
s 81 1
s 82 1
s 83 1
s 84 1
s 85 1
s 86 1
s 87 1
s 88 1
s 89 1
s 90 1
s 91 1
s 92 1
s 93 1
s 94 1
s 95 1
s 96 1
s 97 1
s 98 1
s 99 1
s 100 1
s 101 1
s 102 1
s 103 1
s 104 1
s 105 1
s 106 1
s 107 1
s 108 1
s 109 1
s 110 1
s 111 1
s 112 1
s 113 1
s 114 1
s 115 1
s 116 1
s 117 1
s 118 1
s 119 1
s 120 1
s 121 1
s 122 1
s 123 1
s 124 1
s 125 1
s 126 1
s 127 1
s 128 1
s 129 1
s 130 1
s 131 1
s 132 1
s 133 1
s 134 1
s 135 1
s 136 1
s 137 1
s 138 1
s 139 1
s 140 1
s 141 1
s 142 1
s 143 1
s 144 1
s 145 1
s 146 1
s 147 1
s 148 1
s 149 1
s 150 1
s 151 1
s 152 1
s 153 1
s 154 1
s 155 1
s 156 1
s 157 1
s 158 1
s 159 1
s 160 1
s 161 1
s 162 1
s 163 1
s 164 1
s 165 1
s 166 1
s 167 1
s 168 1
s 169 1
s 170 1
s 171 1
s 172 1
s 173 1
s 174 1
s 175 1
s 176 1
s 177 1
s 178 1
s 179 1
s 180 1
s 181 1
s 182 1
s 183 1
s 184 1
s 185 1
s 186 1
s 187 1
s 188 1
s 189 1
s 190 1
s 191 1
s 192 1
s 193 1
s 194 1
s 195 1
s 196 1
s 197 1
s 198 1
s 199 1
