p 27 9
a 0 80 -1 0 1 3 4
a 1 80 -1 0 1 2 3 4 5
a 2 80 -1 1 2 4 5
a 3 80 -1 0 1 3 4 6 7
a 4 80 -1 0 1 2 3 4 5 6 7 8
a 5 80 -1 1 2 4 5 7 8
a 6 80 -1 3 4 6 7
a 7 80 -1 3 4 5 6 7 8
a 8 80 -1 4 5 7 8
a 9 20 -1 0 1 3
a 10 20 -1 0 1 2 4
a 11 20 -1 1 2 5
a 12 20 -1 0 3 4 6
a 13 20 -1 1 3 4 5 7
a 14 20 -1 2 4 5 8
a 15 20 -1 3 6 7
a 16 20 -1 4 6 7 8
a 17 20 -1 5 7 8
a 18 20 20 0
a 19 20 20 1
a 20 20 20 2
a 21 20 20 3
a 22 20 20 4
a 23 20 20 5
a 24 20 20 6
a 25 20 20 7
a 26 20 20 8
s 0 1
s 1 1
s 2 1
s 3 1
s 4 1
s 5 1
s 6 1
s 7 1
s 8 1
