p 30 11
a 0 98 98 2 3 4 5 6 7 9
a 1 159 159 8 9 10
a 2 161 161
a 3 140 140 4 8 9
a 4 156 156
a 5 65 65 0 1 4 7 8 9
a 6 66 66 1 2 6 9
a 7 121 121 1 3 10
a 8 117 117
a 9 143 143 3 4 6 9
a 10 108 108 3 4
a 11 170 170 0 3 5 6 10
a 12 194 194 0 6
a 13 64 64 4 7 8
a 14 155 155 0 2 3 7
a 15 101 101 0 1 2 5 7 8 9 10
a 16 33 33 0 1 3 4 5 7 8 9 10
a 17 182 182 3 4 5 6 7 9 10
a 18 54 54 1 3 4 5 9 10
a 19 177 177 4 9
a 20 194 194 0 1 2 3 4 6 7 8 9
a 21 195 195
a 22 38 38 3 5 7 8
a 23 163 163 9 10
a 24 198 198 7 8 9
a 25 125 125 0 1 2 4 6 7 8 9 10
a 26 145 145 4 5
a 27 120 120 7
a 28 78 78 0 1 5 8 10
a 29 139 139 0 1 3 4 6 7 8 9 10
s 0 1
s 1 1
s 2 1
s 3 1
s 4 1
s 5 1
s 6 1
s 7 1
s 8 1
s 9 1
s 10 1
