p 30 11
a 0 175 175 0 1 5 6 8
a 1 166 166 0 4 5 8
a 2 39 39 1 2 6 8 9 10
a 3 58 58 10
a 4 80 80 4 6 7
a 5 104 104 1 2 3 4 5 6 7 8
a 6 62 62 0 1 2 5 6 7 8 9
a 7 158 158 4 6 10
a 8 33 33 8 10
a 9 131 131 2 7 8 9 10
a 10 56 56 0 4 6 7
a 11 147 147 1 2 3 5 6 8 9
a 12 51 51 0 1 2 4 5 6 7 9 10
a 13 40 40 6 8
a 14 81 81
a 15 147 147 1 3 4 6 8 10
a 16 133 133 1 3 4 5 9
a 17 158 158 3 5 6 9
a 18 54 54 1 3 4 5 6 9 10
a 19 67 67 3 8 9 10
a 20 144 144 0 4 9
a 21 142 142 2 4 6 9
a 22 75 75 0 2 3 5 6 8 9 10
a 23 24 24 1 2 3 5 7 8 9 10
a 24 177 177 0 2 3 6 8 10
a 25 91 91 0 2 3 4 8 10
a 26 16 16 0 2 4 5 6 7 8 10
a 27 81 81 7
a 28 197 197 0 1 3 4 6 7 8 9 10
a 29 186 186 1 2 3 4 5 6 7 8 10
s 0 1
s 1 1
s 2 1
s 3 1
s 4 1
s 5 1
s 6 1
s 7 1
s 8 1
s 9 1
s 10 1
