p 1000 200
a 0 1 1 21 68 75 127 159
a 1 1 1 91 139 177 195
a 2 1 1 2 63 104 154
a 3 1 1 34 89 119
a 4 1 1 44 63 108
a 5 1 1 50 75
a 6 1 1 126
a 7 2 2 0 11 13 73 79 116 133 134 177
a 8 2 2 28 35 39 46 65 123 193
a 9 2 2 16 40 126 167 176
a 10 2 2 59 130 144 159 180
a 11 2 2 15 71 117 146
a 12 2 2 53 128 133
a 13 2 2 78 107 184
a 14 2 2 21 94 131
a 15 2 2 12 13
a 16 2 2 76 112
a 17 3 3 18 26 36 69 167 169 180 194
a 18 3 3 11 20 72 73 87 178
a 19 3 3 12 61 68 103 108
a 20 3 3 7 9 38 164 191
a 21 3 3 91 118 133 138 195
a 22 3 3 6 42 53 175 184
a 23 3 3 73 148 154 194
a 24 3 3 17 98 166 170
a 25 3 3 66 118 165
a 26 3 3 47 48 89
a 27 3 3 75 92 146
a 28 3 3 126 147 193
a 29 3 3 62 98 126
a 30 3 3 61 69 101
a 31 3 3 157 189
a 32 4 4 3 63 130 175 197
a 33 4 4 37 68 149 173 186
a 34 4 4 2 33 70 93 172
a 35 4 4 2 16 171
a 36 4 4 31 154 199
a 37 4 4 105 144 173
a 38 4 4 1 93 120
a 39 4 4 8 119 150
a 40 4 4 99 103
a 41 5 5 15 23 27 34 42 76 101 145
a 42 5 5 24 63 116 135 141 166 181
a 43 5 5 23 38 48 65 107 108 177
a 44 5 5 10 36 52 69 90 162
a 45 5 5 5 29 40 54 87 109
a 46 5 5 34 51 61 65 170 184
a 47 5 5 67 82 130 140 141 168
a 48 5 5 19 40 41 127 190
a 49 5 5 28 42 173 195
a 50 5 5 1 90 110 188
a 51 5 5 140 157 164
a 52 5 5 37 90 172
a 53 5 5 26 89 155
a 54 5 5 126 151 194
a 55 5 5 15 181
a 56 6 6 17 53 88 100 159 178
a 57 6 6 34 106 149 195
a 58 6 6 23 32 181 183
a 59 6 6 5 93 162
a 60 6 6 108 129 159
a 61 6 6 64 137 175
a 62 6 6 45 94 163
a 63 6 6 31 127
a 64 6 6 61 195
a 65 6 6 70 177
a 66 7 7 25 67 95 102 129 139
a 67 7 7 31 45 62 70 176
a 68 7 7 11 54 69 129
a 69 7 7 101 129 150 187
a 70 7 7 31 152 167 198
a 71 7 7 17 144 187 196
a 72 7 7 3 46 119 133
a 73 7 7 44 73 136
a 74 7 7 26 47 74
a 75 8 8 79 110 128 132 183
a 76 8 8 9 10 73 128 139
a 77 8 8 15 21 46 63
a 78 8 8 1 9 140 153
a 79 8 8 13 63 93 187
a 80 8 8 22 24 59
a 81 8 8 4 7 88
a 82 8 8 44 105 126
a 83 8 8 13 33 52
a 84 8 8 24 144
a 85 8 8 38
a 86 9 9 34 87 118 136 142 165
a 87 9 9 16 85 144 165 183 191
a 88 9 9 13 48 69 70 92
a 89 9 9 14 23 88 162 178
a 90 9 9 70 87 102 187
a 91 9 9 40 125 149 180
a 92 9 9 27 73
a 93 9 9 99 129
a 94 9 9 37 39
a 95 9 9 11 169
a 96 9 9 136
a 97 10 10 2 7 10 27 46 53 70 90 92 133 184
a 98 10 10 35 156 158 176 188 194 198
a 99 10 10 39 48 62 114 138 187
a 100 10 10 40 44 54 81 131 172
a 101 10 10 19 46 62 164 173
a 102 10 10 95 96 120 121 184
a 103 10 10 24 88 103 154 161
a 104 10 10 8 19 55 59 89
a 105 10 10 39 107 164 170
a 106 10 10 16 51 75 138
a 107 10 10 31 82
a 108 10 10 18
a 109 11 11 67 97 122 125 157 176 187
a 110 11 11 5 36 107 122 169
a 111 11 11 18 78 156 163
a 112 11 11 17 146 155 169
a 113 11 11 1 61 182
a 114 11 11 37 81 181
a 115 11 11 0 82 138
a 116 11 11 159 176
a 117 11 11 121 190
a 118 11 11 69 137
a 119 11 11 196
a 120 12 12 9 47 83 98 106 152 176
a 121 12 12 19 45 66 110 152 156
a 122 12 12 19 59 62 143 199
a 123 12 12 23 91 108 132 180
a 124 12 12 18 52 60 120 175
a 125 12 12 81 147 168 199
a 126 12 12 0 124 161 166
a 127 12 12 31 40
a 128 13 13 33 41 42 61 89 170
a 129 13 13 45 91 103 139 188
a 130 13 13 1 4 5 67 78
a 131 13 13 41 85 128
a 132 13 13 48 144 164
a 133 13 13 37 161
a 134 13 13 45 71
a 135 14 14 39 123 132 135 147 199
a 136 14 14 12 14 82 173 197
a 137 14 14 5 35 56 88
a 138 14 14 46 82 104 123
a 139 14 14 74 123 195
a 140 14 14 129 154 165
a 141 14 14 39 79 181
a 142 14 14 75 142
a 143 14 14 47
a 144 14 14 7
a 145 15 15 6 65 89 112 129 133
a 146 15 15 107 113 121 164 171 184
a 147 15 15 76 146 155 168 191
a 148 15 15 93 129 160 186
a 149 15 15 4 21 143 177
a 150 15 15 58 64 68
a 151 15 15 51 58 157
a 152 15 15 4 29 69
a 153 15 15 156
a 154 16 16 21 24 130 132 160 177 184
a 155 16 16 1 48 67 68 79 112 115
a 156 16 16 38 71 138 157 173 194
a 157 16 16 57 86 159 170 171
a 158 16 16 11 93 101 102 135
a 159 16 16 18 49 84 101 189
a 160 16 16 3 15 172 175
a 161 16 16 79 125 162 185
a 162 16 16 6 138 149 186
a 163 16 16 124 134 152
a 164 16 16 6 141 159
a 165 16 16 121 140 185
a 166 16 16 2 12 69
a 167 16 16 124 160
a 168 17 17 27 45 61 141 155
a 169 17 17 18 50 83 110 144
a 170 17 17 6 14 40 135
a 171 17 17 82 85 117 123
a 172 17 17 14 19 98 158
a 173 17 17 9 91 114 124
a 174 17 17 43 116 166
a 175 17 17 69 107 149
a 176 17 17 17 73 141
a 177 17 17 35 84 86
a 178 17 17 6 110
a 179 17 17 94 104
a 180 17 17 16 43
a 181 18 18 4 43 74 77 86 129 140 145 175 197
a 182 18 18 32 43 47 80 119 152 153 163 182
a 183 18 18 29 46 69 127 132 137 143 179
a 184 18 18 7 90 93 117 125 166
a 185 18 18 3 10 20 38 63 100
a 186 18 18 0 63 94 154 191
a 187 18 18 18 25 100 144 153
a 188 18 18 6 65 73 86 88
a 189 18 18 78 114 118
a 190 18 18 23 111 136
a 191 19 19 7 20 69 112 164
a 192 19 19 22 50 83 120 195
a 193 19 19 29 33 72 132
a 194 19 19 36 165 167 171
a 195 19 19 1 37 111
a 196 19 19 36 84 121
a 197 19 19 189 197
a 198 19 19 30 97
a 199 19 19 17 40
a 200 19 19 11 94
a 201 19 19 110 129
a 202 19 19 122
a 203 19 19 8
a 204 19 19 99
a 205 20 20 1 3 34 39 66 179 199
a 206 20 20 0 50 96 132 199
a 207 20 20 78 91 97 110 162
a 208 20 20 42 102 122 138 194
a 209 20 20 56 72 86 165 186
a 210 20 20 3 11 31 134
a 211 20 20 61 116 128
a 212 20 20 116 132 141
a 213 20 20 156
a 214 20 20 83
a 215 21 21 17 65 103 111 178
a 216 21 21 30 85 90 152
a 217 21 21 1 31 55 73
a 218 21 21 61 62 106 130
a 219 21 21 74 123 191
a 220 21 21 138 180
a 221 22 22 4 64 67 91 99 108 151 165
a 222 22 22 50 59 67 121 136 182
a 223 22 22 96 112 156 174 182
a 224 22 22 35 58 59 119 154
a 225 22 22 43 73 116 117
a 226 22 22 29 105 119 190
a 227 22 22 26 69 178
a 228 22 22 52 166 193
a 229 22 22 43 160 185
a 230 22 22 146 156
a 231 23 23 14 22 35 71 108 123
a 232 23 23 54 58 75 146 163
a 233 23 23 46 121 143 150 170
a 234 23 23 29 67 117 136
a 235 24 24 14 36 43 62 87 105 129
a 236 24 24 16 23 47 74 137 179
a 237 24 24 4 8 58 85 108
a 238 24 24 33 35 75 152 167
a 239 24 24 32 35 127
a 240 24 24 83 90 164
a 241 24 24 44 132
a 242 24 24 17 54
a 243 25 25 17 61 62 106 113 118 150 181
a 244 25 25 39 63 70 83 115 167 195
a 245 25 25 23 25 54 64 90 177
a 246 25 25 19 22 124 178 185
a 247 25 25 44 86 116 121 185
a 248 25 25 8 44 62 69 79
a 249 25 25 10 81 97 112
a 250 25 25 16 100 137 139
a 251 25 25 17 57 177 194
a 252 25 25 27 64 67 108
a 253 25 25 60 81 125
a 254 25 25 81
a 255 26 26 13 20 73 176
a 256 26 26 25 26 155 165
a 257 26 26 29 34 36 66
a 258 26 26 77 87 146 184
a 259 26 26 58 112 118 119
a 260 26 26 3 153
a 261 26 26 1
a 262 27 27 45 94 159 170
a 263 27 27 13 100 131 137
a 264 27 27 20 53 73 79
a 265 27 27 35 80 95 123
a 266 27 27 43 45 178
a 267 27 27 67 132 138
a 268 27 27 141 143 185
a 269 27 27 15 18
a 270 27 27 14 123
a 271 28 28 72 79 82 136 167 169 182
a 272 28 28 27 52 121 128 136
a 273 28 28 129 134 158 164 166
a 274 28 28 0 12 26 81 91
a 275 28 28 28 74 79 125
a 276 28 28 50 78 113 151
a 277 28 28 9 75 96 157
a 278 28 28 15 89 162 195
a 279 28 28 22 33 51 131
a 280 28 28 7 54 77
a 281 28 28 12 49 108
a 282 28 28 70 117
a 283 28 28 33 128
a 284 28 28 5 199
a 285 29 29 8 10 43 70 76 85 91 119 194
a 286 29 29 31 90 112 164 191 193
a 287 29 29 5 25 53 63 119 169
a 288 29 29 40 63 96 187
a 289 29 29 33 109 174
a 290 29 29 0 33
a 291 29 29 56 62
a 292 29 29 54 92
a 293 29 29 117 177
a 294 29 29 89
a 295 30 30 1 70 73 88 174 194
a 296 30 30 20 26 66 130 141
a 297 30 30 6 43 147 173 192
a 298 30 30 4 137 171 176
a 299 30 30 15 42 94 167
a 300 30 30 3 45 60 96
a 301 30 30 19 36 99
a 302 30 30 2 40 151
a 303 30 30 10 115 132
a 304 30 30 33 34 153
a 305 30 30 32 74 76
a 306 30 30 101 122
a 307 30 30 25
a 308 31 31 27 54 98 113 114 175 178
a 309 31 31 6 33 40 52 74 135 196
a 310 31 31 29 51 101 121 127 157
a 311 31 31 21 68 91 98 100 177
a 312 31 31 6 60 149 156 177
a 313 31 31 15 174 182 184
a 314 31 31 33 83 162 166
a 315 31 31 43 148 161 186
a 316 31 31 18 91 148 175
a 317 31 31 1 160 196
a 318 31 31 75 150 189
a 319 32 32 19 22 45 103 112 149
a 320 32 32 46 86 96 162 175
a 321 32 32 22 43 88 103
a 322 32 32 38 118 144 167
a 323 32 32 131 144 170 199
a 324 32 32 1 97 180
a 325 32 32 26 40 106
a 326 32 32 149 160 183
a 327 33 33 18 50 106 125 130 172
a 328 33 33 23 45 70 72 149
a 329 33 33 38 102 148 186
a 330 33 33 34 96 129 151
a 331 33 33 143 144 155
a 332 33 33 81 165
a 333 33 33 23 84
a 334 34 34 9 27 36 123 128 179
a 335 34 34 41 58 89 112 142 195
a 336 34 34 84 113 147 163
a 337 34 34 12 87 101 177
a 338 34 34 29 61 125
a 339 34 34 18 55 195
a 340 34 34 11 33 111
a 341 34 34 5 48 196
a 342 34 34 70 153 159
a 343 34 34 89 133
a 344 34 34 70 163
a 345 34 34 17 77
a 346 34 34 5 8
a 347 34 34 128
a 348 34 34 70
a 349 34 34 3
a 350 35 35 30 51 61 179 190
a 351 35 35 27 33 143 152 180
a 352 35 35 16 25 86 107 194
a 353 35 35 109 113 130 145 184
a 354 35 35 61 62 119 178
a 355 35 35 3 15 108 182
a 356 35 35 61 78 88
a 357 35 35 14 150 173
a 358 35 35 59 98 109
a 359 35 35 22 177 180
a 360 35 35 119 162 181
a 361 35 35 179 185
a 362 35 35 90 102
a 363 36 36 4 32 53 76 79 197
a 364 36 36 9 37 84 115 119
a 365 36 36 29 54 89 135
a 366 36 36 42 59 62 72
a 367 36 36 4 40 68 160
a 368 36 36 45 76 162 167
a 369 36 36 71 162
a 370 37 37 1 25 43 49 88 123 125 126 133 162
a 371 37 37 3 16 36 37 91 134
a 372 37 37 36 96 144 149
a 373 37 37 24 41 105
a 374 37 37 37 155 197
a 375 37 37 57
a 376 37 37 66
a 377 37 37 36
a 378 38 38 29 30 53 99 107 110 118 123 134
a 379 38 38 2 28 38 45 47 77 146 151
a 380 38 38 89 115 146 191 198
a 381 38 38 60 121 150 156 196
a 382 38 38 79 138
a 383 38 38 129 142
a 384 39 39 29 67 96 120 121
a 385 39 39 46 88 89 181
a 386 39 39 58 96 169 195
a 387 39 39 9 97 154
a 388 39 39 21 125
a 389 39 39 148 194
a 390 40 40 64 67 126 134 154 180
a 391 40 40 48 55 57 92 98 139
a 392 40 40 12 20 79 108 158 171
a 393 40 40 1 9 36 39 164
a 394 40 40 5 141 183 193
a 395 40 40 43 111 198
a 396 40 40 14 20 193
a 397 40 40 36 103 148
a 398 40 40 50 88
a 399 40 40 111 186
a 400 40 40 1 27
a 401 40 40 10 105
a 402 40 40 29
a 403 41 41 4 17 39 120 125 156
a 404 41 41 32 45 50 151
a 405 41 41 21 46 52 150
a 406 41 41 149 157 195
a 407 41 41 54 80 117
a 408 41 41 80 160 168
a 409 41 41 24 66 105
a 410 41 41 28
a 411 42 42 31 49 51 96 97 117
a 412 42 42 1 69 117 118 134 198
a 413 42 42 35 36 145 151 185
a 414 42 42 5 87 105 190
a 415 42 42 81 152 168
a 416 42 42 20 108 151
a 417 42 42 41 143
a 418 42 42 136
a 419 43 43 26 27 39 83 111 159 176
a 420 43 43 14 30 48 60 91 132
a 421 43 43 4 26 167 193 198
a 422 43 43 3 4 162 176 183
a 423 43 43 17 39 149 184
a 424 43 43 5 45 126 136
a 425 43 43 67 78 119 184
a 426 43 43 23 37 98 112
a 427 43 43 31 42 114
a 428 43 43 13 59 132
a 429 43 43 38
a 430 44 44 28 51 64 107 113 160 190
a 431 44 44 6 10 150 180 191 196
a 432 44 44 10 14 17 36 100 119
a 433 44 44 56 80 104 156 161 179
a 434 44 44 51 93 122 140 145
a 435 44 44 3 93 118 135 159
a 436 44 44 1 42 77 106 108
a 437 44 44 30 97 113 193
a 438 44 44 3 43 48 150
a 439 44 44 0 107 148
a 440 44 44 23 55 167
a 441 44 44 75 83 152
a 442 44 44 39 50 130
a 443 44 44 182 198
a 444 44 44 83 146
a 445 45 45 57 64 80 99 132 139 159 195
a 446 45 45 29 37 59 79 123 193
a 447 45 45 6 46 141 184 190
a 448 45 45 89 116 124 133 180
a 449 45 45 41 112 147 185
a 450 45 45 24 29 58 65
a 451 46 46 14 40 55 56 79 98 128 131
a 452 46 46 6 29 48 76 105 123 160 167
a 453 46 46 10 42 68 70 83 151 190
a 454 46 46 35 54 72 130 161 179 184
a 455 46 46 49 92 105 183 195
a 456 46 46 68 74 83 91
a 457 46 46 1 24 93 121
a 458 46 46 94 124 152 165
a 459 46 46 11 25 75 138
a 460 46 46 41 78 193
a 461 46 46 10 62 111
a 462 46 46 108 168
a 463 46 46 65
a 464 46 46 139
a 465 47 47 22 23 33 34 96 124 160 172
a 466 47 47 49 106 126 138 152 167 174 193
a 467 47 47 14 67 85 123 144 175 199
a 468 47 47 16 62 111 150 182 197
a 469 47 47 13 16 96 144 192
a 470 47 47 24 36 129 154 156
a 471 47 47 27 63 74 118
a 472 47 47 5 26 79 170
a 473 47 47 57 62 164
a 474 47 47 22 133 196
a 475 47 47 4 97 180
a 476 47 47 2 163 172
a 477 47 47 112 129
a 478 47 47 110 134
a 479 47 47 115 154
a 480 47 47 45 105
a 481 48 48 5 43 81 84 101 110 128 131 193
a 482 48 48 61 67 87 126 166 199
a 483 48 48 3 8 71 79 93 122
a 484 48 48 38 44 150 186
a 485 48 48 54 58 121 164
a 486 48 48 0 122 150 198
a 487 48 48 34 83 192
a 488 48 48 31 128 175
a 489 48 48 66 198
a 490 48 48 112 187
a 491 48 48 48 183
a 492 48 48 158
a 493 49 49 4 62 88 117 131
a 494 49 49 91 123 130 146 150
a 495 49 49 2 51 99 148
a 496 49 49 40 131 152 175
a 497 49 49 102 117 120 128
a 498 49 49 32 38 165
a 499 49 49 23 117 159
a 500 49 49 12 75 184
a 501 49 49 172 186
a 502 49 49 147 190
a 503 49 49 22
a 504 50 50 51 88 100 110 118 126 182 183
a 505 50 50 28 75 86 104 145 152
a 506 50 50 83 105 131 143 155
a 507 50 50 21 86 93 131
a 508 50 50 21 73 160 167
a 509 50 50 50 98 120
a 510 50 50 94 125 166
a 511 50 50 22 59 85
a 512 50 50 46 61 165
a 513 50 50 99 106 116
a 514 50 50 10 79
a 515 50 50 29 197
a 516 50 50 113
a 517 51 51 7 81 130 160 173 197
a 518 51 51 3 36 51 56 168
a 519 51 51 43 72 104 131 139
a 520 51 51 88 124 154 181
a 521 51 51 46 48 52 124
a 522 51 51 18 37 168
a 523 51 51 56 167 181
a 524 51 51 76 100 101
a 525 51 51 51 148
a 526 51 51 118
a 527 52 52 8 48 56 105 108 121 124 144
a 528 52 52 14 70 78 84 131 159 165 182
a 529 52 52 5 20 27 82 89 96 185
a 530 52 52 6 32 55 86 88 127 134
a 531 52 52 43 68 83 109 173
a 532 52 52 1 3 10 63 192
a 533 52 52 64 104 139 176
a 534 52 52 72 164 168
a 535 52 52 36 152
a 536 52 52 99 107
a 537 53 53 15 20 43 144 167
a 538 53 53 33 82 111 130 184
a 539 53 53 4 27 42 56 82
a 540 53 53 97 101
a 541 54 54 0 19 71 125 140 152
a 542 54 54 40 111 126 132
a 543 54 54 8 111 177 197
a 544 54 54 18 74 147
a 545 54 54 12 66 109
a 546 54 54 149 166 192
a 547 54 54 94
a 548 55 55 40 89 92 94 100 102 129 169
a 549 55 55 9 71 93 114 172
a 550 55 55 41 72 133 163
a 551 55 55 21 32 113
a 552 55 55 0 20 40
a 553 55 55 66 146 187
a 554 55 55 6 142 190
a 555 55 55 14 163 166
a 556 55 55 14 138
a 557 55 55 41
a 558 56 56 40 44 85 140 145 157 166
a 559 56 56 16 26 86 151 158 162 174
a 560 56 56 12 41 95 114 116 159
a 561 56 56 29 105 109 133 189 196
a 562 56 56 7 85 121 173 187
a 563 56 56 23 44 73 112 190
a 564 56 56 28 43 53 114
a 565 56 56 40 109 159 162
a 566 56 56 88 155 177 197
a 567 56 56 31 99 127 169
a 568 56 56 74 130 186
a 569 56 56 15 148 181
a 570 56 56 46 113
a 571 56 56 22 131
a 572 57 57 6 16 39 43 55 109 135 189
a 573 57 57 11 43 70 92 122
a 574 57 57 4 64 177 189
a 575 57 57 25 66 189 190
a 576 57 57 46 96 178
a 577 57 57 38 148
a 578 57 57 79 188
a 579 58 58 25 104 191 196
a 580 58 58 9 136 167 191
a 581 58 58 61 62 100
a 582 58 58 28 87 129
a 583 58 58 8 83 98
a 584 58 58 99 190
a 585 58 58 167 168
a 586 58 58 59 95
a 587 59 59 8 11 89 98 120 123 158 163
a 588 59 59 95 105 135 165
a 589 59 59 28 37 105 165
a 590 59 59 46 88 136 155
a 591 59 59 30 61 136
a 592 59 59 71 79 103
a 593 59 59 23 154
a 594 59 59 6 12
a 595 60 60 23 29 36 62 93 145
a 596 60 60 70 86 143 157
a 597 60 60 2 51 100 151
a 598 60 60 4 27 85 114
a 599 60 60 34 90 186 187
a 600 60 60 68 99 102 148
a 601 60 60 62 102 151 195
a 602 60 60 49 171 189
a 603 60 60 53 168 180
a 604 60 60 38 136 173
a 605 60 60 6 163
a 606 60 60 138 180
a 607 60 60 67 98
a 608 60 60 16 77
a 609 60 60 7 46
a 610 60 60 35
a 611 61 61 12 46 107 132 138 148 186
a 612 61 61 78 79 132 139 152
a 613 61 61 90 106 129 131 172
a 614 61 61 41 63 121 151
a 615 61 61 8 35 73 171
a 616 61 61 56 189 191 195
a 617 61 61 34 60 175 192
a 618 61 61 9 73 128 199
a 619 61 61 39 43 57 196
a 620 61 61 31 142 166 173
a 621 61 61 7 55 119
a 622 61 61 44 103 112
a 623 61 61 45 73 193
a 624 61 61 84 105 185
a 625 61 61 48 132
a 626 62 62 20 94 96 115 194
a 627 62 62 8 67 90 114 177
a 628 62 62 13 119 151 180
a 629 62 62 43 123 154 198
a 630 62 62 1 20 66 103
a 631 62 62 131 141 196
a 632 62 62 15 53
a 633 62 62 116 125
a 634 63 63 17 59 182
a 635 63 63 81 94
a 636 63 63 118 127
a 637 63 63 132
a 638 64 64 12 30 32 74 163 172
a 639 64 64 3 83 106 109 118
a 640 64 64 117 127 158 170 198
a 641 64 64 5 51 88 153 198
a 642 64 64 11 128 129 133 152
a 643 64 64 139 151 153 154
a 644 64 64 51 95 113 146
a 645 64 64 61 83 147
a 646 64 64 34 45 82
a 647 64 64 3 74 83
a 648 64 64 15 140
a 649 64 64 3 132
a 650 64 64 115
a 651 65 65 39 70 73 85 100 105 145
a 652 65 65 53 79 115 132
a 653 65 65 78 100 160 177
a 654 65 65 7 44 50 62
a 655 65 65 51 107 173
a 656 65 65 0 61 107
a 657 65 65 1 94 95
a 658 65 65 46 191
a 659 65 65 77
a 660 66 66 40 41 72 105 140 153 164
a 661 66 66 33 64 78 103 115
a 662 66 66 9 85 152 160 165
a 663 66 66 20 31 68 130
a 664 66 66 18 39 80 105
a 665 66 66 24 156 179
a 666 66 66 56 99 193
a 667 66 66 6 154
a 668 66 66 93 96
a 669 66 66 135 159
a 670 67 67 44 63 70 86 92 127 179
a 671 67 67 50 94 140 150 185 195
a 672 67 67 9 40 160 174 192
a 673 67 67 34 39 40 114 180
a 674 67 67 18 71 84 104 109
a 675 67 67 78 153 157 189
a 676 67 67 42 47 152 154
a 677 67 67 61 81 99 103
a 678 67 67 4 21 81 95
a 679 67 67 6 113
a 680 68 68 26 46 47 102 109 151 190
a 681 68 68 1 10 13 70 75 150
a 682 68 68 86 110 135 136 139
a 683 68 68 24 25 121 141
a 684 68 68 28 33 79 152
a 685 68 68 22 43 69 189
a 686 68 68 17 27 72 126
a 687 68 68 53 95 118 178
a 688 68 68 40 67 151
a 689 68 68 19 153
a 690 68 68 35
a 691 69 69 15 56 102 150 199
a 692 69 69 4 132 138 148
a 693 69 69 101 132 167
a 694 69 69 119 139 191
a 695 69 69 161 167 180
a 696 69 69 8 64
a 697 70 70 23 41 55 63 67 81 95 183 184
a 698 70 70 79 95 109 114 194 195
a 699 70 70 40 44 52 130 174
a 700 70 70 67 70 155
a 701 70 70 42 135 183
a 702 70 70 21 65 160
a 703 70 70 41 131
a 704 70 70 157
a 705 71 71 7 14 17 39 56 102 148
a 706 71 71 118 123 128 132 147 182
a 707 71 71 1 37 105 146
a 708 71 71 22 89 105
a 709 71 71 60 75 156
a 710 71 71 120 189 199
a 711 71 71 57 104 154
a 712 71 71 82 139
a 713 71 71 115 169
a 714 72 72 6 76 80 85 93 106 133 197
a 715 72 72 29 46 73 96 126 142
a 716 72 72 0 8 25 185 191
a 717 72 72 3 29 79 101 118
a 718 72 72 6 50 57 93 147
a 719 72 72 130 148 154 167
a 720 72 72 59 169 187 197
a 721 72 72 62 93 98 184
a 722 72 72 2 11 188
a 723 72 72 169 188
a 724 72 72 43 129
a 725 72 72 36 94
a 726 72 72 36 60
a 727 72 72 20 169
a 728 72 72 51 70
a 729 73 73 31 47 50 55 84 142 150 176
a 730 73 73 12 18 34 121 140 141 162 197
a 731 73 73 1 9 31 116 145 153
a 732 73 73 2 47 79 133 139
a 733 73 73 2 76 145 187
a 734 73 73 7 129 146
a 735 73 73 16 151 182
a 736 74 74 7 22 57 72 107 188
a 737 74 74 15 50 175 191
a 738 74 74 1 14 49 189
a 739 74 74 8 12 72 185
a 740 74 74 95 143 149 167
a 741 75 75 41 59 67 113 149 175 182
a 742 75 75 107 135 172 178 184 198
a 743 75 75 2 65 68 74 121 183
a 744 75 75 45 70 83 124 154
a 745 75 75 32 59 83 161 189
a 746 75 75 90 108 143 151
a 747 75 75 2 26 28 46
a 748 75 75 147 165 172 198
a 749 75 75 17 32 135
a 750 75 75 59 197
a 751 75 75 73 158
a 752 76 76 3 24 53 69 88 121 123 169
a 753 76 76 32 47 111 114 120 130
a 754 76 76 43 119 160 184 190
a 755 76 76 13 32 92 140 148
a 756 76 76 5 8 25 107
a 757 76 76 50 61 67 139
a 758 76 76 19 60 171 192
a 759 76 76 77 121 195
a 760 76 76 150 172 185
a 761 76 76 182 192 194
a 762 76 76 22 38 183
a 763 76 76 45 78 98
a 764 76 76 81 131
a 765 76 76 14 75
a 766 76 76 44 154
a 767 77 77 1 9 42 79 81 134 162
a 768 77 77 19 42 63 73 89 147 154
a 769 77 77 13 14 106 142 163 172
a 770 77 77 5 16 120 139 174 194
a 771 77 77 80 99 133 148 162
a 772 77 77 8 82 100 137 147
a 773 77 77 93 97 136 147
a 774 77 77 0 62 141 172
a 775 77 77 24 53 142 190
a 776 77 77 117 148 167 169
a 777 77 77 17 157 172
a 778 77 77 143 182
a 779 78 78 0 93 136 148 153 174 184
a 780 78 78 26 53 127 139 144 183
a 781 78 78 88 113 117 186
a 782 78 78 92 136 188
a 783 78 78 115 131 137
a 784 78 78 91 185
a 785 78 78 7 33
a 786 79 79 6 49 53 63 75 105 127 162
a 787 79 79 79 84 103 156 185
a 788 79 79 62 78 177 196
a 789 79 79 21 136 179 194
a 790 79 79 92 143 179
a 791 79 79 28 43 138
a 792 79 79 26 100 174
a 793 79 79 17 198
a 794 79 79 8 115
a 795 79 79 13
a 796 80 80 51 89 102 167 168 199
a 797 80 80 1 73 79 129 186 193
a 798 80 80 0 15 39 57 69
a 799 80 80 29 142 150 180 183
a 800 80 80 3 10 34 43 104
a 801 80 80 73 169 184 188
a 802 80 80 87 109 113 172
a 803 80 80 42 69 153 186
a 804 80 80 42 60 140 159
a 805 80 80 33 74 186
a 806 80 80 24 29 97
a 807 80 80 89 113 144
a 808 80 80 18 73 77
a 809 80 80 44 52 160
a 810 80 80 60 175
a 811 80 80 31 156
a 812 81 81 4 30 31 40 61 128 145 199
a 813 81 81 63 102 127 128 150 165 171
a 814 81 81 2 47 49 73 175 186 193
a 815 81 81 15 19 42 118 138 174 177
a 816 81 81 7 15 28 75 164 190
a 817 81 81 42 59 132 152 177 182
a 818 81 81 7 28 36 108 110 164
a 819 81 81 23 35 43 116 167
a 820 81 81 50 107 128 171 192
a 821 81 81 4 21 120 164
a 822 81 81 80 81 96 153
a 823 81 81 34 68 189
a 824 81 81 10 97 187
a 825 81 81 85 118
a 826 81 81 68 191
a 827 81 81 12 14
a 828 81 81 25 171
a 829 81 81 178
a 830 82 82 8 12 39 49 98 115 191
a 831 82 82 70 76 119 159 169
a 832 82 82 19 93 172 194 198
a 833 82 82 2 107 113 127 146
a 834 82 82 52 60 135 196
a 835 82 82 42 63 148
a 836 82 82 49 163 172
a 837 82 82 45 126 171
a 838 82 82 37 113 139
a 839 82 82 67 88
a 840 82 82 75 128
a 841 82 82 123 129
a 842 83 83 10 16 48 64 66 78 84 174
a 843 83 83 6 8 47 49 65 117 121
a 844 83 83 24 90 105 178 186
a 845 83 83 22 135 139 152
a 846 83 83 78 139 184 195
a 847 83 83 20 32 118 194
a 848 83 83 91
a 849 84 84 60 74 86 102 129 140
a 850 84 84 3 83 107 156 179 191
a 851 84 84 6 37 140 142 151
a 852 84 84 22 42 103 129
a 853 84 84 9 29 172
a 854 84 84 13 65 159
a 855 84 84 8 73
a 856 84 84 61
a 857 85 85 10 41 66 97 102 114 161
a 858 85 85 105 187 191
a 859 85 85 23 140 189
a 860 85 85 16 52 153
a 861 85 85 131
a 862 86 86 17 44 85 89 116 131 136 140 143 156 161
a 863 86 86 5 44 64 135 159 163 171
a 864 86 86 0 31 46 99 164 167 199
a 865 86 86 2 68 89 100 150
a 866 86 86 152 158 159 161
a 867 86 86 59 71 73 143
a 868 86 86 0 20 136
a 869 86 86 33 123
a 870 87 87 18 37 47 57 86 127 129
a 871 87 87 58 63 100 122 146 157
a 872 87 87 89 106 142 150 162
a 873 87 87 40 96 116
a 874 87 87 6 43 154
a 875 87 87 116 118 192
a 876 87 87 90 183
a 877 87 87 17 85
a 878 87 87 97 182
a 879 88 88 54 106 131 157 165 169 170
a 880 88 88 2 51 77 106 180
a 881 88 88 47 91 124 146 174
a 882 88 88 60 86 107 179
a 883 88 88 28 76 123 193
a 884 88 88 8 126 153
a 885 88 88 14 114
a 886 89 89 30 37 58 140 171 186
a 887 89 89 43 49 70 90 167
a 888 89 89 2 9 31 61 84
a 889 89 89 103 124 136 167 189
a 890 89 89 7 114 123 167 178
a 891 89 89 94 109 133 175
a 892 89 89 99 113 154 160
a 893 89 89 59 91 156 177
a 894 89 89 78 143 195
a 895 89 89 107 137
a 896 89 89 127 156
a 897 89 89 54 139
a 898 89 89 137
a 899 90 90 15 40 71 76 91 94 145 166
a 900 90 90 8 24 51 54 93 99 111
a 901 90 90 77 89 132 164 182
a 902 90 90 14 41 46 174
a 903 90 90 34 42 71 72
a 904 90 90 32 68 149
a 905 90 90 3 29 167
a 906 90 90 79 174
a 907 90 90 6
a 908 91 91 36 155 170 173 195
a 909 91 91 43 56 61 68
a 910 91 91 55 156 163
a 911 91 91 84 116
a 912 92 92 14 23 67 94 97
a 913 92 92 40 72 159
a 914 92 92 30 45 196
a 915 92 92 107 119 192
a 916 92 92 95 175
a 917 92 92 72 90
a 918 93 93 6 50 75 134 182 184
a 919 93 93 8 21 92 109 188
a 920 93 93 27 84 103 174
a 921 93 93 4 26 41 101
a 922 93 93 123 126 161
a 923 93 93 98 131 174
a 924 93 93 80 84 130
a 925 93 93 119 147 166
a 926 93 93 22 175 187
a 927 94 94 13 29 37 46 94 101 102
a 928 94 94 22 36 45 101 144 157
a 929 94 94 52 126 150 170 184 195
a 930 94 94 2 11 48 131 147
a 931 94 94 28 33 36 122 144
a 932 94 94 3 31 69 116 184
a 933 94 94 14 28 57 76 170
a 934 94 94 24 57 106 163 196
a 935 94 94 45 124 130 133 156
a 936 94 94 10 143 146 166
a 937 94 94 9 46 195
a 938 94 94 64 143 161
a 939 94 94 38 72 193
a 940 94 94 129 144 176
a 941 94 94 32 93 129
a 942 94 94 41 87
a 943 95 95 0 59 100 122 153 171
a 944 95 95 5 56 65 105 158
a 945 95 95 15 51 64 196
a 946 95 95 63 114 149 156
a 947 95 95 6 59 64 97
a 948 95 95 20 23 122
a 949 95 95 34 145 196
a 950 95 95 88 161
a 951 95 95 4 60
a 952 95 95 21 28
a 953 96 96 8 12 43 45 63 98 157
a 954 96 96 35 39 64 71 98 119 135
a 955 96 96 55 87 94 103 118 124
a 956 96 96 43 70 98 167 176
a 957 96 96 66 175 178 190
a 958 96 96 41 44 129
a 959 96 96 43 73
a 960 96 96 76
a 961 97 97 56 112 157 161 179 186
a 962 97 97 39 89 108 151 152 187
a 963 97 97 60 111 116 143 160
a 964 97 97 2 52 188
a 965 97 97 45 163 173
a 966 98 98 36 74 133 139 151 175 188
a 967 98 98 71 79 172 178 182 193
a 968 98 98 69 86 140 150 172
a 969 98 98 20 91 159 184 194
a 970 98 98 19 102 109 168
a 971 98 98 30 147 161
a 972 98 98 131 144 191
a 973 98 98 23 178
a 974 99 99 20 28 87 131 166 182 189 196
a 975 99 99 2 5 125 140 155 187 188
a 976 99 99 60 82 89 106 128 146
a 977 99 99 4 114 117 135 167 193
a 978 99 99 45 81 93 128
a 979 99 99 49 130 173
a 980 99 99 13 49 148
a 981 99 99 46 56 105
a 982 99 99 10 61 150
a 983 99 99 31 73
a 984 99 99 110 173
a 985 99 99 2 158
a 986 99 99 24
a 987 100 100 2 57 89 105 150 156 185
a 988 100 100 1 3 59 73 76 175
a 989 100 100 47 67 85 87 101 188
a 990 100 100 80 83 91 143 164 185
a 991 100 100 1 38 54 78 180
a 992 100 100 56 68 80 90 176
a 993 100 100 62 89 96 140 154
a 994 100 100 11 55 123 157 173
a 995 100 100 33 78 108 161 181
a 996 100 100 7 81 184 199
a 997 100 100 127 136 137 138
a 998 100 100 50 155 160
a 999 100 100 45 112
s 0 1
s 1 1
s 2 1
s 3 1
s 4 1
s 5 1
s 6 1
s 7 1
s 8 1
s 9 1
s 10 1
s 11 1
s 12 1
s 13 1
s 14 1
s 15 1
s 16 1
s 17 1
s 18 1
s 19 1
s 20 1
s 21 1
s 22 1
s 23 1
s 24 1
s 25 1
s 26 1
s 27 1
s 28 1
s 29 1
s 30 1
s 31 1
s 32 1
s 33 1
s 34 1
s 35 1
s 36 1
s 37 1
s 38 1
s 39 1
s 40 1
s 41 1
s 42 1
s 43 1
s 44 1
s 45 1
s 46 1
s 47 1
s 48 1
s 49 1
s 50 1
s 51 1
s 52 1
s 53 1
s 54 1
s 55 1
s 56 1
s 57 1
s 58 1
s 59 1
s 60 1
s 61 1
s 62 1
s 63 1
s 64 1
s 65 1
s 66 1
s 67 1
s 68 1
s 69 1
s 70 1
s 71 1
s 72 1
s 73 1
s 74 1
s 75 1
s 76 1
s 77 1
s 78 1
s 79 1
s 80 1
s 81 1
s 82 1
s 83 1
s 84 1
s 85 1
s 86 1
s 87 1
s 88 1
s 89 1
s 90 1
s 91 1
s 92 1
s 93 1
s 94 1
s 95 1
s 96 1
s 97 1
s 98 1
s 99 1
s 100 1
s 101 1
s 102 1
s 103 1
s 104 1
s 105 1
s 106 1
s 107 1
s 108 1
s 109 1
s 110 1
s 111 1
s 112 1
s 113 1
s 114 1
s 115 1
s 116 1
s 117 1
s 118 1
s 119 1
s 120 1
s 121 1
s 122 1
s 123 1
s 124 1
s 125 1
s 126 1
s 127 1
s 128 1
s 129 1
s 130 1
s 131 1
s 132 1
s 133 1
s 134 1
s 135 1
s 136 1
s 137 1
s 138 1
s 139 1
s 140 1
s 141 1
s 142 1
s 143 1
s 144 1
s 145 1
s 146 1
s 147 1
s 148 1
s 149 1
s 150 1
s 151 1
s 152 1
s 153 1
s 154 1
s 155 1
s 156 1
s 157 1
s 158 1
s 159 1
s 160 1
s 161 1
s 162 1
s 163 1
s 164 1
s 165 1
s 166 1
s 167 1
s 168 1
s 169 1
s 170 1
s 171 1
s 172 1
s 173 1
s 174 1
s 175 1
s 176 1
s 177 1
s 178 1
s 179 1
s 180 1
s 181 1
s 182 1
s 183 1
s 184 1
s 185 1
s 186 1
s 187 1
s 188 1
s 189 1
s 190 1
s 191 1
s 192 1
s 193 1
s 194 1
s 195 1
s 196 1
s 197 1
s 198 1
s 199 1
