p 1000 200
a 0 1 1 18 28 32 43 72 119 156 177
a 1 1 1 81 113 114 121 130 136 179
a 2 1 1 31 55 76 108 152 199
a 3 1 1 79 90 94 116 194
a 4 1 1 21 45 93 104 186
a 5 1 1 31 64 100 123 177
a 6 1 1 68 74 78 104 179
a 7 1 1 16 20 32 147
a 8 1 1 106 121 124 143
a 9 1 1 36 70 112 122
a 10 1 1 59 139 191
a 11 1 1 72 148 180
a 12 1 1 138 140 145
a 13 1 1 51 78 113
a 14 1 1 22 125 188
a 15 1 1 12 33 65
a 16 2 2 7 37 43 44 82 114 139 194 197
a 17 2 2 51 99 124 129 130 172
a 18 2 2 34 58 102 181 184 186
a 19 2 2 27 68 105 134 185
a 20 2 2 14 34 81 137 174
a 21 2 2 29 43 110 188
a 22 2 2 18 72 162 196
a 23 2 2 17 123 154 158
a 24 2 2 26 51 125 160
a 25 2 2 34 99 104 137
a 26 2 2 5 36 64 104
a 27 2 2 28 51 192 199
a 28 2 2 33 59 153
a 29 2 2 0 139 163
a 30 3 3 20 68 90 91 95 100
a 31 3 3 11 50 114 128 138
a 32 3 3 31 82 118 172
a 33 3 3 27 72 127 152
a 34 3 3 23 86 141
a 35 3 3 2 140 144
a 36 3 3 52 114 154
a 37 3 3 62 82 161
a 38 3 3 196
a 39 4 4 29 35 74 94 110 113 156 173
a 40 4 4 15 64 70 79 119 123
a 41 4 4 2 50 91 119 144
a 42 4 4 17 22 92 142 192
a 43 4 4 7 98 149 176
a 44 4 4 10 14 47 73
a 45 4 4 48 85 162 199
a 46 4 4 71 81 167 192
a 47 4 4 8 99 146 190
a 48 4 4 81 102 139 194
a 49 4 4 34 116 152
a 50 4 4 51 145 164
a 51 4 4 61 120 150
a 52 4 4 119 186
a 53 4 4 121 132
a 54 4 4 117
a 55 4 4 120
a 56 5 5 62 104 120 185 193 194
a 57 5 5 24 48 145 147 164
a 58 5 5 22 49 74 163 165
a 59 5 5 2 66 125 157
a 60 5 5 9 104 159 171
a 61 5 5 49 102 158
a 62 5 5 40 66 173
a 63 5 5 109 119
a 64 5 5 72 106
a 65 5 5 18 145
a 66 5 5 94
a 67 6 6 3 20 103 141 148 156
a 68 6 6 18 53 59 113 153 174
a 69 6 6 0 16 21 73 187
a 70 6 6 41 110
a 71 7 7 15 30 62 72 103 143 181
a 72 7 7 6 54 110 148 171 184 189
a 73 7 7 7 52 68 72 140 165
a 74 7 7 27 35 102 155 175 185
a 75 7 7 64 88 100 140 177
a 76 7 7 23 76 188 199
a 77 7 7 2 5 135 175
a 78 7 7 36 109 171
a 79 7 7 12 119 194
a 80 7 7 88
a 81 8 8 0 12 17 29 53 122
a 82 8 8 26 43 96 154 193
a 83 8 8 25 55 91 151
a 84 8 8 38 170
a 85 8 8 176
a 86 9 9 43 51 91 121 133 138
a 87 9 9 17 26 62 122 146
a 88 9 9 31 59 147 187 198
a 89 9 9 103 132 145 183
a 90 9 9 40 130 144
a 91 9 9 22 78
a 92 9 9 44 124
a 93 9 9 62 82
a 94 9 9 139
a 95 9 9 13
a 96 10 10 8 44 51 79 129 176 182 184
a 97 10 10 69 101 126 176
a 98 10 10 24 48 135 140
a 99 10 10 4 114 179
a 100 10 10 37 57 178
a 101 10 10 66 114 137
a 102 10 10 57 80
a 103 10 10 176
a 104 10 10 102
a 105 11 11 35 37 59 97 174
a 106 11 11 56 57 72 128 198
a 107 11 11 69 76 116 123 172
a 108 11 11 17 45 102 178 194
a 109 11 11 102 155 160 182
a 110 11 11 35 38 96 140
a 111 11 11 61 143 157 177
a 112 11 11 27 76 88 155
a 113 11 11 18 138 165
a 114 11 11 32 65 182
a 115 12 12 2 3 25 43 94 170
a 116 12 12 28 31 33 37 68 186
a 117 12 12 4 116 175 183 187
a 118 12 12 23 53 69 101 137
a 119 12 12 3 9 10 38 76
a 120 12 12 2 26 42 84
a 121 12 12 30 46 92 95
a 122 12 12 6 104 105 152
a 123 12 12 6 42 77 154
a 124 12 12 58 80 180
a 125 12 12 34 52 156
a 126 12 12 143 162
a 127 12 12 197
a 128 13 13 6 20 34 58 84 94 145 186
a 129 13 13 40 49 105 109 128 158 184
a 130 13 13 4 91 107 118 126 197
a 131 13 13 0 18 42 81 168 178
a 132 13 13 112 147 192
a 133 13 13 28 102 163
a 134 13 13 53 165
a 135 13 13 87 155
a 136 13 13 127 145
a 137 13 13 75 155
a 138 14 14 21 59 60 72 88 127 166
a 139 14 14 3 16 41 60 92 174
a 140 14 14 43 53 67 119
a 141 14 14 22 70 145 178
a 142 14 14 37 109 183 191
a 143 14 14 31 62 107 172
a 144 14 14 94 152 167
a 145 14 14 24 49 97
a 146 14 14 35 188
a 147 15 15 10 27 30 45 126 127 148 149
a 148 15 15 0 14 41 44 51 57 120 150
a 149 15 15 57 62 122 143 160 180
a 150 15 15 4 33 47 92 136 146
a 151 15 15 20 26 57 123 190
a 152 15 15 122 138 139 184
a 153 15 15 21 79 103 156
a 154 15 15 12 85 157 166
a 155 15 15 4 31 79 112
a 156 15 15 90 178 183
a 157 15 15 36 146 184
a 158 15 15 113 118 159
a 159 15 15 58 75
a 160 15 15 134 192
a 161 15 15 117 182
a 162 15 15 37 71
a 163 16 16 3 19 28 133 134 166 184 186
a 164 16 16 60 88 101 148 157 160 163
a 165 16 16 35 54 68 79 98
a 166 16 16 89 106 132 134 163
a 167 16 16 0 1 107
a 168 16 16 60 105 171
a 169 16 16 8 10 140
a 170 16 16 126 141 173
a 171 16 16 9 112 125
a 172 16 16 14 179
a 173 17 17 35 39 117 183 192
a 174 17 17 70 74 79 160 188
a 175 17 17 13 85 102 123
a 176 17 17 74 166 182 195
a 177 17 17 3 52 81 198
a 178 17 17 62 132 169
a 179 17 17 7 45 177
a 180 17 17 70 75 188
a 181 17 17 21 32
a 182 17 17 92 101
a 183 18 18 29 61 67 72 84 91 193
a 184 18 18 5 82 105 123 142 185
a 185 18 18 4 52 55 97 127 175
a 186 18 18 10 48 87 91 189
a 187 18 18 71 81 174 190
a 188 18 18 63 114 136 149
a 189 18 18 32 39 91 130
a 190 18 18 25 58 119 137
a 191 18 18 63 66 146
a 192 18 18 16 70 163
a 193 18 18 15 181
a 194 18 18 84 92
a 195 19 19 10 35 37 86 99 137 159 160
a 196 19 19 30 54 61 85 139
a 197 19 19 36 44 53 171
a 198 19 19 39 47 187
a 199 19 19 135 137 169
a 200 19 19 74 158
a 201 20 20 89 110 112 141 147
a 202 20 20 48 51 56 94
a 203 20 20 45 117 147 184
a 204 20 20 14 39 103 177
a 205 20 20 34 67 112 123
a 206 20 20 4 74 83 173
a 207 20 20 51 111 125
a 208 20 20 124 148
a 209 20 20 24 71
a 210 20 20 189 194
a 211 20 20 179
a 212 21 21 20 121 123 129 134 148 151
a 213 21 21 11 36 63 67 117 163
a 214 21 21 21 70 172 177 182
a 215 21 21 7 35 100 169
a 216 21 21 54 113 155
a 217 21 21 30 139 148
a 218 21 21 60 145
a 219 22 22 65 96 101 171 172 190
a 220 22 22 10 38 103 150 154 168
a 221 22 22 22 38 87 152 190
a 222 22 22 7 26 125 157 196
a 223 22 22 26 82 96 199
a 224 22 22 26 103 112 198
a 225 22 22 29 87 171 183
a 226 22 22 38 83 129 144
a 227 22 22 39 153 158 196
a 228 22 22 1 123
a 229 23 23 50 58 68 83 114 153 192
a 230 23 23 12 104 158 163 182
a 231 23 23 1 103 177 181
a 232 23 23 63 75 120 195
a 233 23 23 106 113 163
a 234 23 23 37 66 124
a 235 23 23 84 156
a 236 24 24 6 8 12 35 54 90 105 180 199
a 237 24 24 109 135 138 143 147 167 169 173 180
a 238 24 24 33 59 64 124 151 178
a 239 24 24 33 38 41 72 148 153
a 240 24 24 67 131 191 197 199
a 241 24 24 55 71 107 186 192
a 242 24 24 58 67 133 192
a 243 24 24 6 46 73
a 244 24 24 3 89 182
a 245 24 24 77
a 246 25 25 10 12 72 82 110 151
a 247 25 25 50 54 142 143 184
a 248 25 25 1 15 68 121
a 249 25 25 5 58 88 103
a 250 25 25 17 130 149 190
a 251 25 25 23 164 170 172
a 252 25 25 9 104 121 152
a 253 25 25 57 67 193 197
a 254 25 25 15 65 96
a 255 25 25 122 160
a 256 26 26 54 91 107 114 171 178 179
a 257 26 26 51 54 58 75 88 142
a 258 26 26 25 78 141 145
a 259 26 26 73 142 186 190
a 260 26 26 14 38 118 194
a 261 26 26 87 164 193
a 262 26 26 77 121 199
a 263 26 26 1 158
a 264 26 26 35 84
a 265 26 26 30 44
a 266 26 26 98 184
a 267 27 27 2 10 120 165 174 198
a 268 27 27 23 27 96 138 185 197
a 269 27 27 42 54 140 151 159
a 270 27 27 2 79 171 199
a 271 27 27 25 76 127 190
a 272 27 27 43 109 199
a 273 27 27 82 98 153
a 274 28 28 27 39 81 85 116 196
a 275 28 28 99 109 144 155 178 195
a 276 28 28 9 97 127 131 171 182
a 277 28 28 19 29 34 89 94
a 278 28 28 29 45 68 179
a 279 28 28 58 89 136 198
a 280 28 28 24 74 129
a 281 28 28 58 146 191
a 282 28 28 10 86
a 283 28 28 144
a 284 29 29 39 108 109 126 133 135 198
a 285 29 29 0 59 91 136 153
a 286 29 29 25 39 67 177
a 287 29 29 84 94 107
a 288 29 29 60 110 180
a 289 29 29 4 40
a 290 29 29 37 195
a 291 30 30 46 50 66 82 88 126
a 292 30 30 15 50 84 175 177
a 293 30 30 24 87 122 188
a 294 30 30 18 69 107 155
a 295 30 30 46 73 95 101
a 296 30 30 45 60 146 191
a 297 30 30 0 84 85 93
a 298 30 30 143 147 167
a 299 30 30 81 155 171
a 300 30 30 73 98 127
a 301 30 30 39 131
a 302 30 30 44 193
a 303 30 30 119
a 304 31 31 0 131 145 151 152 178
a 305 31 31 26 96 100 146 173
a 306 31 31 36 81 100 129
a 307 31 31 37 122 150 158
a 308 31 31 60 100 163 167
a 309 31 31 107 118 126
a 310 31 31 49 74 121
a 311 31 31 2 100 179
a 312 32 32 0 80 84 85 104 167
a 313 32 32 19 24 27 40 42 157
a 314 32 32 114 139 145 167 177
a 315 32 32 37 59 74 76 146
a 316 32 32 13 16 127 134
a 317 32 32 49 66 121
a 318 32 32 73 83 180
a 319 32 32 79 88 91
a 320 32 32 71 86 114
a 321 32 32 104 156 196
a 322 32 32 5 17 168
a 323 32 32 94 148
a 324 32 32 63 157
a 325 32 32 17 171
a 326 32 32 131
a 327 33 33 3 34 82 111 114 158
a 328 33 33 10 30 34 41 61
a 329 33 33 145 154 157 166 182
a 330 33 33 3 13 73 112
a 331 33 33 5 28 62 189
a 332 33 33 0 42 70 85
a 333 33 33 60 75 77
a 334 33 33 76
a 335 33 33 141
a 336 33 33 137
a 337 34 34 28 103 113 137 171 180
a 338 34 34 62 87 107 132 160
a 339 34 34 111 113 147 153 172
a 340 34 34 83 94 136 169
a 341 34 34 98 123 145 177
a 342 34 34 3 91 110
a 343 34 34 84 167 191
a 344 34 34 71 113 163
a 345 34 34 7 109
a 346 34 34 42 129
a 347 34 34 40
a 348 35 35 16 37 39 127 144 173 177
a 349 35 35 3 19 24 52 130 142
a 350 35 35 5 35 101 192
a 351 35 35 88 161 189
a 352 35 35 40 187 195
a 353 35 35 108 120 124
a 354 35 35 12 129 187
a 355 35 35 58 159
a 356 35 35 108 129
a 357 35 35 86
a 358 35 35 172
a 359 36 36 7 39 135 162 163 199
a 360 36 36 60 130 146 167
a 361 36 36 20 40 51 171
a 362 36 36 21 57 152
a 363 36 36 41 106 110
a 364 36 36 21 34
a 365 37 37 14 87 150 187
a 366 37 37 40 110 178
a 367 37 37 84 143 187
a 368 38 38 14 21 66 87 133 164 171 173
a 369 38 38 91 92 93 110 112 132
a 370 38 38 19 67 138 187
a 371 38 38 80 96 148 162
a 372 38 38 12 95 141 198
a 373 38 38 21 30 174 181
a 374 38 38 29 83 111 186
a 375 38 38 28 40 53 74
a 376 38 38 5 96 194
a 377 38 38 91 173 195
a 378 38 38 27 157
a 379 38 38 176 179
a 380 38 38 1 24
a 381 39 39 20 30 67 97 138 156 189
a 382 39 39 8 44 72 94 148 183
a 383 39 39 5 64 74 108 148 152
a 384 39 39 20 53 109 121 146
a 385 39 39 3 16 55 81 199
a 386 39 39 43 68 117 179 190
a 387 39 39 31 49 73 76
a 388 39 39 2 108 157
a 389 39 39 152 172 198
a 390 39 39 99 124 142
a 391 39 39 125 143
a 392 40 40 35 52 60 74 119 123 145 147 188
a 393 40 40 51 68 71 81 142 155 173 186
a 394 40 40 62 104 121 127 128
a 395 40 40 54 86 145 153 154
a 396 40 40 64 109 112 181 186
a 397 40 40 14 27 59 74
a 398 40 40 15 18 193
a 399 40 40 32 130
a 400 41 41 7 16 39 87 152 171 189
a 401 41 41 1 25 40 94 111 125
a 402 41 41 23 28 98 126 197
a 403 41 41 4 16 59 76 166
a 404 41 41 5 35 147 191
a 405 41 41 15 54 67 165
a 406 41 41 17 33 192 198
a 407 41 41 30 98 106 135
a 408 41 41 12 54 180
a 409 41 41 40 101 173
a 410 41 41 2 41 122
a 411 41 41 135 163
a 412 41 41 43 92
a 413 41 41 32 129
a 414 42 42 6 26 39 98 173 191
a 415 42 42 3 78 79 106 117 152
a 416 42 42 68 101 112 171 187
a 417 42 42 42 45 55 90
a 418 42 42 167 169 174 183
a 419 42 42 24 85 115 191
a 420 42 42 6 95
a 421 42 42 155
a 422 42 42 86
a 423 43 43 42 49 156 157 181
a 424 43 43 1 7 52 106
a 425 43 43 16 40 45 55
a 426 43 43 38 97 147 153
a 427 43 43 15 17 75 79
a 428 43 43 21 45 62 107
a 429 43 43 11 98 104
a 430 43 43 19 155
a 431 43 43 163 165
a 432 44 44 6 29 64 98 157 163 185 191 197
a 433 44 44 39 70 72 86 121 125
a 434 44 44 19 64 124 137 161
a 435 44 44 75 106 128 196
a 436 44 44 32 39 81 138
a 437 44 44 20 126 140 146
a 438 44 44 7 80 85 101
a 439 44 44 103 108
a 440 44 44 52 59
a 441 44 44 139 156
a 442 44 44 9 75
a 443 44 44 92
a 444 44 44 139
a 445 45 45 24 37 55 68 87 121 131 167
a 446 45 45 16 27 36 56 60 85 123 181
a 447 45 45 26 44 64 102 154 158
a 448 45 45 14 24 47 98 106 137
a 449 45 45 7 33 127 128 176 184
a 450 45 45 43 50 61 174 183
a 451 45 45 66 76 168 189
a 452 45 45 23 74 111 138
a 453 45 45 103 160 199
a 454 45 45 139 142
a 455 45 45 146 148
a 456 45 45 45
a 457 45 45 12
a 458 46 46 13 19 25 61 113 154
a 459 46 46 47 78 161
a 460 46 46 37 151 171
a 461 46 46 40 80 176
a 462 46 46 22 130 172
a 463 46 46 20 169
a 464 47 47 20 33 44 50 104 133 166
a 465 47 47 40 42 43 108 112 138 152
a 466 47 47 59 85 168 179 189
a 467 47 47 13 112 115 149 193
a 468 47 47 32 61 110 145
a 469 47 47 10 64 69 147
a 470 47 47 1 30 47 165
a 471 47 47 2 121
a 472 47 47 30 115
a 473 48 48 35 37 142 148 152 166 167 169
a 474 48 48 10 46 49 119 162
a 475 48 48 63 69 133 162 170
a 476 48 48 32 57 79 118
a 477 48 48 53 88 144 174
a 478 48 48 5 20 38 191
a 479 48 48 37 43 46 118
a 480 48 48 116 141 149
a 481 48 48 75 89
a 482 48 48 87 187
a 483 49 49 1 2 59 96 112 132 176 180
a 484 49 49 31 40 45 72 90 107 135 194
a 485 49 49 0 4 9 70 87 99 100 144
a 486 49 49 8 56 68 77 97 118 149 170
a 487 49 49 75 79 103 105 128 151 154
a 488 49 49 39 80 101 125 137 148 149
a 489 49 49 26 64 99 105 191
a 490 49 49 65 84 118 180 198
a 491 49 49 10 33 69 124 156
a 492 49 49 53 117 133 147 188
a 493 49 49 64 100 105 161
a 494 49 49 42 69 177 198
a 495 49 49 43 101
a 496 50 50 23 55 62 67 75 85 110 154 177
a 497 50 50 60 85 105 142 195
a 498 50 50 26 67 73 81 149
a 499 50 50 20 41 115 132 142
a 500 50 50 141 150 152 161
a 501 50 50 4 13 91 163
a 502 50 50 21 56 145 168
a 503 50 50 46 90 112 186
a 504 50 50 9 40 150
a 505 50 50 39 107 154
a 506 50 50 74 137 148
a 507 50 50 51 89
a 508 51 51 18 19 27 33 73 126 157 164 189 194
a 509 51 51 12 100 126 153 157
a 510 51 51 9 16 73 119
a 511 51 51 59 168 187
a 512 51 51 154 178
a 513 51 51 26 63
a 514 52 52 2 30 67 102 182
a 515 52 52 28 38 64 184
a 516 52 52 5 7 21 190
a 517 52 52 4 19 162 166
a 518 52 52 28 60 199
a 519 52 52 38 48 80
a 520 52 52 74 90 159
a 521 52 52 16 45
a 522 53 53 46 51 158
a 523 53 53 132 134
a 524 53 53 14 37
a 525 54 54 7 12 79 87 93 98 123 173
a 526 54 54 20 68 72 97 108 135 141 196
a 527 54 54 7 29 105 148 157 184 189
a 528 54 54 9 11 27 74 167
a 529 54 54 106 109 138 198
a 530 54 54 48 120 142 197
a 531 54 54 20 38 63 194
a 532 54 54 20 78 153 170
a 533 54 54 20 62 73
a 534 54 54 72 97 111
a 535 54 54 41 83 180
a 536 54 54 24 41 166
a 537 54 54 69 148 194
a 538 54 54 16 36 145
a 539 54 54 65 143 191
a 540 54 54 110 153 187
a 541 54 54 138
a 542 55 55 72 82 110 112 134 167
a 543 55 55 76 90 91 95 171 198
a 544 55 55 24 180 183
a 545 55 55 116
a 546 56 56 21 41 45 54 75 136 139 181
a 547 56 56 4 27 32 120 133 169 184 196
a 548 56 56 0 31 48 64 87 153
a 549 56 56 37 101 118 140 145 170
a 550 56 56 40 135 140 142 178
a 551 56 56 25 48 81 163
a 552 56 56 25 67 75 197
a 553 56 56 93 103 147 151
a 554 56 56 90 99 162
a 555 56 56 59 155 199
a 556 56 56 2 84 86
a 557 56 56 26 32
a 558 56 56 141 166
a 559 57 57 39 40 44 75 76 141 145 176
a 560 57 57 23 49 71 75 116 141 189 199
a 561 57 57 2 14 36 59 63 178
a 562 57 57 2 115 128 144 176
a 563 57 57 5 86 126 145
a 564 57 57 34 39 99 186
a 565 57 57 92 131 186
a 566 57 57 20 26 146
a 567 57 57 109 137
a 568 57 57 172
a 569 58 58 8 40 62 87 106 194
a 570 58 58 1 13 20 30 40 70
a 571 58 58 3 58 73 130 147
a 572 58 58 35 96 141 172
a 573 58 58 8 46 67 105
a 574 58 58 8 26 52 122
a 575 58 58 23 38 64 124
a 576 58 58 97 123 188
a 577 58 58 64 71 161
a 578 58 58 13 87 152
a 579 58 58 87 133 165
a 580 58 58 7 130
a 581 59 59 53 95 103 120 179 183
a 582 59 59 11 49 51 82 130 133
a 583 59 59 10 55 106 124 164 186
a 584 59 59 14 45 51 72 116 141
a 585 59 59 95 108 117 145 167
a 586 59 59 30 40 113 134 169
a 587 59 59 23 47 50 90 160
a 588 59 59 101 103 134 187 198
a 589 59 59 10 88 101 179
a 590 59 59 76 108 118 192
a 591 59 59 104 127 139
a 592 59 59 47 99 103
a 593 59 59 8 84 161
a 594 59 59 20 188 193
a 595 59 59 32 55
a 596 59 59 17
a 597 60 60 0 8 41 42 73 124 131 151 164 187
a 598 60 60 14 22 69 88 192
a 599 60 60 38 124 140 142 160
a 600 60 60 49 70 119 183 199
a 601 60 60 30 50 68 144 158
a 602 60 60 19 29 134 137 169
a 603 60 60 1 77 144 193
a 604 60 60 51 64
a 605 60 60 46 139
a 606 61 61 30 85 110 120 177
a 607 61 61 17 25 68 140 159
a 608 61 61 4 87 98 124 131
a 609 61 61 36 40 90 164
a 610 61 61 37 42 124 186
a 611 61 61 66 95
a 612 61 61 10
a 613 62 62 17 26 30 68 111 127 149 186 193
a 614 62 62 64 105 113 182 185
a 615 62 62 65 83 107 168
a 616 62 62 74 80 107 122
a 617 62 62 60 82 163 180
a 618 62 62 114 121 178
a 619 62 62 57
a 620 63 63 41 62 85 112 114 126 137 182
a 621 63 63 4 62 91 104 166 176
a 622 63 63 78 138 159 166 187 191
a 623 63 63 71 83 112 166 198
a 624 63 63 41 125 182 194
a 625 63 63 11 69 73 125
a 626 63 63 12 29 92
a 627 63 63 15 93 189
a 628 63 63 51 122
a 629 64 64 19 34 119 174 193
a 630 64 64 5 22 93 102 128
a 631 64 64 96 98 165 198
a 632 64 64 36 99 172 183
a 633 64 64 23 51 125 192
a 634 64 64 7 56 66 197
a 635 64 64 46 50 80 116
a 636 64 64 64 121
a 637 64 64 102 107
a 638 65 65 1 106 123 176 181 197
a 639 65 65 23 75 150 165 180 196
a 640 65 65 52 91 149 184 187 194
a 641 65 65 20 23 30 82 91
a 642 65 65 23 58 77 129 177
a 643 65 65 46 98 122 125 135
a 644 65 65 6 33 130 163
a 645 65 65 27 37 59 176
a 646 65 65 41 153 190
a 647 65 65 148 170 187
a 648 65 65 59 75
a 649 66 66 11 28 31 52 78 147
a 650 66 66 19 50 82 93 126 132
a 651 66 66 5 45 69 102 179 196
a 652 66 66 21 72 76 121 134
a 653 66 66 72 121 176 199
a 654 66 66 24 176 185 189
a 655 66 66 20 54 132
a 656 66 66 20 84 125
a 657 66 66 23 67 191
a 658 66 66 77 160 161
a 659 67 67 0 4 19 34 99 134 197
a 660 67 67 52 86 127 150 153
a 661 67 67 17 106 114 174 194
a 662 67 67 101 118 160 176
a 663 67 67 28 62 82
a 664 67 67 115 161 185
a 665 67 67 52 140
a 666 68 68 51 65 77 103 116 137
a 667 68 68 22 35 100 167 182
a 668 68 68 49 79 97 153
a 669 68 68 0 24 43 192
a 670 68 68 10 28 133 175
a 671 68 68 15 50 66
a 672 68 68 196
a 673 69 69 10 12 28 32 174
a 674 69 69 61 87 124 154 194
a 675 69 69 20 98 130 141 186
a 676 69 69 21 47 113 125 190
a 677 69 69 7 98 121 178
a 678 69 69 67 83 191
a 679 69 69 36 75 143
a 680 69 69 37 92 119
a 681 69 69 1 72 93
a 682 69 69 63 85 149
a 683 69 69 102 149 172
a 684 69 69 71 123 180
a 685 69 69 6 196
a 686 70 70 0 72 75 90 136 154 175
a 687 70 70 56 64 122 138 179 191
a 688 70 70 9 77 126 132 143
a 689 70 70 40 118 158 168
a 690 70 70 14 63 113 122
a 691 70 70 43 84 110 134
a 692 70 70 47 154 188
a 693 70 70 95 98 199
a 694 70 70 8 193
a 695 70 70 136 176
a 696 70 70 41 102
a 697 71 71 48 57 147 156 157 170 177
a 698 71 71 10 27 31 35 164 172
a 699 71 71 4 9 13 155 159
a 700 71 71 6 30 127 182 195
a 701 71 71 12 41 43 56 195
a 702 71 71 71 77 95 143
a 703 71 71 9 81 113 159
a 704 71 71 7 105 121 186
a 705 71 71 73 123 134 135
a 706 71 71 66 129 151 186
a 707 71 71 14 124 143
a 708 71 71 37 58 103
a 709 71 71 89 190
a 710 72 72 77 80 138 144 149 153 162
a 711 72 72 19 59 90 92 106 136 148
a 712 72 72 1 8 62 101 147 194
a 713 72 72 17 32 40 78 134
a 714 72 72 0 34 68 120 151
a 715 72 72 8 85 101 110 155
a 716 72 72 23 36 39 194
a 717 72 72 25 81 127 141
a 718 72 72 93 153
a 719 73 73 23 37 102 185 192
a 720 73 73 126 145 186
a 721 73 73 35 130 187
a 722 73 73 86 109
a 723 73 73 59 133
a 724 73 73 26 135
a 725 73 73 171
a 726 74 74 25 33 58 60 74 77 167
a 727 74 74 15 44 81 91 153 185
a 728 74 74 25 38 113 156 160
a 729 74 74 31 102 115 181
a 730 74 74 10 37 40
a 731 74 74 68 118 168
a 732 74 74 5 38
a 733 74 74 69 164
a 734 74 74 93
a 735 74 74 25
a 736 75 75 19 28 38 138 170 174
a 737 75 75 13 27 28 51 176
a 738 75 75 5 83 147 155
a 739 75 75 64 108 163
a 740 76 76 17 35 71 105 110 146 185 189
a 741 76 76 0 105 109 123 142 183 196
a 742 76 76 8 16 20 24 25 38 88
a 743 76 76 11 49 61 126 192
a 744 76 76 55 119 140 147
a 745 76 76 42 47 60 186
a 746 76 76 18 30 181
a 747 76 76 4 164 177
a 748 76 76 111 159 199
a 749 76 76 18 88 136
a 750 76 76 121 174 184
a 751 76 76 83 86
a 752 76 76 52 134
a 753 76 76 152 164
a 754 76 76 147 166
a 755 76 76 57
a 756 77 77 14 21 24 60 77 110 154
a 757 77 77 40 75 79 132 157
a 758 77 77 3 23 28 166 182
a 759 77 77 45 52 66 140 179
a 760 77 77 22 104 134 152
a 761 77 77 13 19 111 184
a 762 77 77 141 181 185
a 763 77 77 120 137
a 764 77 77 88 164
a 765 77 77 104 177
a 766 77 77 69 174
a 767 77 77 53 156
a 768 77 77 78 98
a 769 77 77 2
a 770 78 78 56 115 125 156 196
a 771 78 78 44 53 72 155 160
a 772 78 78 52 81 181 189
a 773 78 78 70 86 123 138
a 774 78 78 49 63 180
a 775 78 78 143 145 193
a 776 78 78 32 113 142
a 777 78 78 63 188
a 778 79 79 16 31 48 66 99 148
a 779 79 79 16 58 138 151 191
a 780 79 79 29 46 150 175
a 781 79 79 31 92 127 199
a 782 79 79 3 96 142 182
a 783 79 79 8 49 148
a 784 79 79 3 83 183
a 785 79 79 59 106 127
a 786 79 79 40 183
a 787 80 80 4 36 59 63 77 111 168
a 788 80 80 76 95 127 128 143 156 190
a 789 80 80 28 47 64 100 109 152
a 790 80 80 46 60 74 118 125 144
a 791 80 80 54 85 105 166 172
a 792 80 80 39 59 68 163 183
a 793 80 80 0 107 109 180
a 794 80 80 67 154 173 179
a 795 80 80 75 94 134 164
a 796 80 80 103 153 191
a 797 80 80 121 168
a 798 81 81 52 55 59 70 75 80 84 92
a 799 81 81 27 41 43 98 134 188 193
a 800 81 81 31 76 119 150 157 164 172
a 801 81 81 11 53 82 87 99 100 151
a 802 81 81 0 26 81 86 148 193
a 803 81 81 2 55 65 131 164 180
a 804 81 81 4 25 50 93 105
a 805 81 81 17 31 102 149 188
a 806 81 81 21 81 113 140
a 807 81 81 88 93 138 159
a 808 81 81 57 67 185 191
a 809 81 81 42 127 153
a 810 81 81 57 85 168
a 811 81 81 27 83 151
a 812 81 81 10 29 76
a 813 81 81 14 80
a 814 82 82 35 73 84 88 118 133 148 176
a 815 82 82 25 63 68 123 169 180
a 816 82 82 0 63 78 129 139 192
a 817 82 82 24 32 44 73 122 199
a 818 82 82 8 10 120 147 181
a 819 82 82 41 66 127 145
a 820 82 82 4 109 159
a 821 82 82 42 44 175
a 822 83 83 25 44 52 102 151 152 159
a 823 83 83 42 99 114 136 163
a 824 83 83 2 18 62 115 168
a 825 83 83 21 32 57 86
a 826 83 83 29 47 163 180
a 827 83 83 57 142 168 180
a 828 83 83 42 116 180
a 829 83 83 43 107 157
a 830 83 83 49 93 107
a 831 83 83 44 95
a 832 83 83 2 148
a 833 83 83 90 172
a 834 83 83 91 149
a 835 84 84 6 28 45 78 90 102 123 154
a 836 84 84 55 73 82 148 175
a 837 84 84 24 63 76 192
a 838 85 85 18 31 54 102 104 113 167 186 194
a 839 85 85 52 100 112 138 153 157 194
a 840 85 85 42 62 76 109 138 195
a 841 85 85 11 79 87 88 173 191
a 842 85 85 45 95 99 149 170
a 843 85 85 4 17 122 184
a 844 85 85 48 120 180
a 845 86 86 6 29 51 55 67 145
a 846 86 86 8 64 92 121 149 168
a 847 86 86 7 12 146 152 169 189
a 848 86 86 31 51 88 156 174
a 849 86 86 36 37 38 53
a 850 86 86 32 44 72 103
a 851 86 86 44 86 93 198
a 852 86 86 3 88 148 169
a 853 86 86 19 69 94
a 854 86 86 16 82 87
a 855 86 86 38 135
a 856 87 87 6 32 69 75 100 177 182
a 857 87 87 22 66 91 92 192 198
a 858 87 87 54 64 77 153
a 859 87 87 47 131 156 188
a 860 87 87 10 21 85 151
a 861 87 87 7 91 153
a 862 87 87 103 160 198
a 863 87 87 9 144
a 864 87 87 73 81
a 865 87 87 21
a 866 88 88 57 87 117 133 136 157 158 184
a 867 88 88 8 25 136 142
a 868 88 88 14 146 182
a 869 88 88 12 81 109
a 870 88 88 42 94 96
a 871 88 88 112 123 136
a 872 88 88 10 169
a 873 89 89 7 22 30 69 112 117 136 138
a 874 89 89 51 55 108 137 147
a 875 89 89 7 58 177 180 181
a 876 89 89 47 64 86 99 112
a 877 89 89 42 58 69 97 136
a 878 89 89 93 111 119 129
a 879 89 89 51 99 114
a 880 89 89 88 116
a 881 90 90 18 50 80 129 165
a 882 90 90 0 11 15 46 186
a 883 90 90 1 44 118 168 198
a 884 90 90 41 47 76 88 157
a 885 90 90 68 72 184 186
a 886 90 90 10 96 129 188
a 887 90 90 69 76 98 111
a 888 90 90 5 54 131 199
a 889 90 90 33 111 165
a 890 90 90 124 155
a 891 91 91 19 51 58 83 93 130
a 892 91 91 62 66 114 116 178
a 893 91 91 91 116 126 194
a 894 91 91 63 126 156 163
a 895 91 91 95 154 192
a 896 91 91 7 38 193
a 897 91 91 69 160
a 898 91 91 2 61
a 899 91 91 2 132
a 900 91 91 92
a 901 92 92 67 101 107 112 146 162
a 902 92 92 2 34 61 98 118 194
a 903 92 92 27 107 131 154 176 193
a 904 92 92 17 55 108 138 177
a 905 92 92 69 74 88 173
a 906 92 92 72 105 122
a 907 92 92 0 96 172
a 908 92 92 109 132 184
a 909 92 92 22 23 96
a 910 92 92 164 180
a 911 93 93 53 58 69 73 138 185
a 912 93 93 3 13 23 29 121
a 913 93 93 15 22 113 155 190
a 914 93 93 10 20 80 173 176
a 915 93 93 12 16 31 196
a 916 93 93 20 37 74 193
a 917 93 93 36 69 101 114
a 918 93 93 8 25 114
a 919 93 93 75 78 188
a 920 93 93 142 190
a 921 93 93 155 188
a 922 94 94 50 76 119 120 124 131 178
a 923 94 94 12 21 95 147 163 177
a 924 94 94 12 133 135 150 180 195
a 925 94 94 4 16 61 148 186 192
a 926 94 94 5 52 104 117 128
a 927 94 94 8 69 83 173 175
a 928 94 94 5 21 59 70 148
a 929 94 94 17 25 78 83 86
a 930 94 94 25 125 128 142 157
a 931 94 94 107 153 160 174
a 932 94 94 71 104 148 175
a 933 94 94 2 78 84
a 934 94 94 74 87 108
a 935 94 94 82 111 120
a 936 94 94 31 99 194
a 937 94 94 36 168
a 938 95 95 4 17 30 102 124 192
a 939 95 95 47 52 104 159
a 940 95 95 9 82 147 179
a 941 95 95 10 62 122 162
a 942 95 95 26 27 99 116
a 943 95 95 87 100 180
a 944 95 95 19 92 114
a 945 95 95 17 32
a 946 96 96 15 110 134 156
a 947 96 96 3 52 87 177
a 948 96 96 67 109 132 192
a 949 96 96 78 81 195
a 950 96 96 17 21 124
a 951 96 96 42 45 86
a 952 96 96 84 129 166
a 953 96 96 160 194
a 954 96 96 50 97
a 955 97 97 19 34 44 108 115 189 195
a 956 97 97 2 61 84 147 157 187
a 957 97 97 41 120 148 185 189 196
a 958 97 97 88 101 125 139 197
a 959 97 97 13 90 106 142 193
a 960 97 97 42 63 96 125 139
a 961 97 97 60 80 83 92 189
a 962 97 97 33 54 62 149
a 963 97 97 35 56 110 193
a 964 97 97 9 71 178
a 965 97 97 93 109 167
a 966 97 97 4 48
a 967 97 97 143 147
a 968 97 97 62 108
a 969 97 97 88
a 970 98 98 50 82 127 157 181 193
a 971 98 98 37 77 109 138
a 972 98 98 150 175 182 195
a 973 98 98 23 40 68 128
a 974 98 98 55 80 151
a 975 98 98 13 107 162
a 976 98 98 22 81 115
a 977 98 98 20 48
a 978 98 98 67
a 979 98 98 68
a 980 98 98 41
a 981 99 99 7 28 55 122 176 184
a 982 99 99 5 78 159 198
a 983 99 99 59 61 80 128
a 984 99 99 23 134 184
a 985 99 99 130 151 181
a 986 99 99 76 164 183
a 987 100 100 19 63 72 91 104 142 151
a 988 100 100 44 84 106 172 198
a 989 100 100 23 62 158 186 196
a 990 100 100 8 81 120 124 139
a 991 100 100 18 26 96 175 180
a 992 100 100 5 39 104 126
a 993 100 100 58 121 156 186
a 994 100 100 11 30 38 127
a 995 100 100 44 102 148 164
a 996 100 100 61 68 96
a 997 100 100 34 52 74
a 998 100 100 10 68 91
a 999 100 100 60 149
s 0 1
s 1 1
s 2 1
s 3 1
s 4 1
s 5 1
s 6 1
s 7 1
s 8 1
s 9 1
s 10 1
s 11 1
s 12 1
s 13 1
s 14 1
s 15 1
s 16 1
s 17 1
s 18 1
s 19 1
s 20 1
s 21 1
s 22 1
s 23 1
s 24 1
s 25 1
s 26 1
s 27 1
s 28 1
s 29 1
s 30 1
s 31 1
s 32 1
s 33 1
s 34 1
s 35 1
s 36 1
s 37 1
s 38 1
s 39 1
s 40 1
s 41 1
s 42 1
s 43 1
s 44 1
s 45 1
s 46 1
s 47 1
s 48 1
s 49 1
s 50 1
s 51 1
s 52 1
s 53 1
s 54 1
s 55 1
s 56 1
s 57 1
s 58 1
s 59 1
s 60 1
s 61 1
s 62 1
s 63 1
s 64 1
s 65 1
s 66 1
s 67 1
s 68 1
s 69 1
s 70 1
s 71 1
s 72 1
s 73 1
s 74 1
s 75 1
s 76 1
s 77 1
s 78 1
s 79 1
s 80 1
s 81 1
s 82 1
s 83 1
s 84 1
s 85 1
s 86 1
s 87 1
s 88 1
s 89 1
s 90 1
s 91 1
s 92 1
s 93 1
s 94 1
s 95 1
s 96 1
s 97 1
s 98 1
s 99 1
s 100 1
s 101 1
s 102 1
s 103 1
s 104 1
s 105 1
s 106 1
s 107 1
s 108 1
s 109 1
s 110 1
s 111 1
s 112 1
s 113 1
s 114 1
s 115 1
s 116 1
s 117 1
s 118 1
s 119 1
s 120 1
s 121 1
s 122 1
s 123 1
s 124 1
s 125 1
s 126 1
s 127 1
s 128 1
s 129 1
s 130 1
s 131 1
s 132 1
s 133 1
s 134 1
s 135 1
s 136 1
s 137 1
s 138 1
s 139 1
s 140 1
s 141 1
s 142 1
s 143 1
s 144 1
s 145 1
s 146 1
s 147 1
s 148 1
s 149 1
s 150 1
s 151 1
s 152 1
s 153 1
s 154 1
s 155 1
s 156 1
s 157 1
s 158 1
s 159 1
s 160 1
s 161 1
s 162 1
s 163 1
s 164 1
s 165 1
s 166 1
s 167 1
s 168 1
s 169 1
s 170 1
s 171 1
s 172 1
s 173 1
s 174 1
s 175 1
s 176 1
s 177 1
s 178 1
s 179 1
s 180 1
s 181 1
s 182 1
s 183 1
s 184 1
s 185 1
s 186 1
s 187 1
s 188 1
s 189 1
s 190 1
s 191 1
s 192 1
s 193 1
s 194 1
s 195 1
s 196 1
s 197 1
s 198 1
s 199 1
