p 1000 200
a 0 1 1 98 114 118 126 163 168 183 190
a 1 1 1 43 74 88 130 147 169
a 2 1 1 68 76 82 136
a 3 1 1 40 142 161
a 4 1 1 5 168 189
a 5 1 1 12 49 157
a 6 1 1 4 81 148
a 7 1 1 58 159 166
a 8 1 1 84 86
a 9 2 2 28 35 126 174 191 195
a 10 2 2 28 99 139 155 166
a 11 2 2 17 112 124 127 133
a 12 2 2 43 83 179 198
a 13 2 2 51 147 180
a 14 2 2 89 119
a 15 2 2 15 139
a 16 2 2 46
a 17 3 3 15 30 67 81 96 149 154 157
a 18 3 3 13 78 107 147 150 168
a 19 3 3 5 8 14 142 148 165
a 20 3 3 0 73 136 148 165
a 21 3 3 11 20 67 73 120
a 22 3 3 90 174 180 186
a 23 3 3 53 144 157 162
a 24 3 3 1 74 103 116
a 25 3 3 35 107 109 184
a 26 3 3 14 70 194 196
a 27 3 3 44 50 101
a 28 3 3 59 188
a 29 3 3 9 121
a 30 4 4 10 51 68 86 108 165 198
a 31 4 4 17 33 51 178 187
a 32 4 4 7 16 159 170
a 33 4 4 63 72 140 180
a 34 4 4 148 178 184
a 35 5 5 12 20 46 155 160 165
a 36 5 5 84 85 130 131 141 163
a 37 5 5 5 37 65 139 162 181
a 38 5 5 36 105 139 168 179
a 39 5 5 143 149 168 187 193
a 40 5 5 42 47 140
a 41 5 5 70 136 149
a 42 5 5 126 159
a 43 5 5 72
a 44 6 6 10 97 111 138 142 151 156
a 45 6 6 16 88 115 137 180 181 189
a 46 6 6 24 153 156 182 199
a 47 6 6 25 27 111 198 199
a 48 6 6 23 48 94 100
a 49 6 6 18 72 97 137
a 50 6 6 2 4 19 199
a 51 6 6 23 55 137
a 52 6 6 23 69 166
a 53 6 6 98 135
a 54 7 7 76 110 114 134 142 158 185 192
a 55 7 7 53 79 106 109 133 157 175
a 56 7 7 3 65 76 135 145 170
a 57 7 7 57 58 71 120 181
a 58 7 7 97 101 115 160 172
a 59 7 7 62 131 176 194
a 60 7 7 12 103 106 199
a 61 7 7 61 151 185 198
a 62 7 7 36 55 81 88
a 63 7 7 23 57 85 89
a 64 7 7 46 77 131 158
a 65 7 7 5 51 56
a 66 8 8 17 35 51 55 64 70 99 155 162 164 170
a 67 8 8 0 40 81 83 108 172 178
a 68 8 8 46 48 54 113 120
a 69 8 8 86 125 156 168
a 70 8 8 76 165 176 179
a 71 8 8 42 99 172
a 72 8 8 55 90 169
a 73 8 8 48 86 113
a 74 8 8 89 118
a 75 8 8 47 69
a 76 9 9 12 26 49 124 140 169 186 191
a 77 9 9 28 60 71 138 141 168
a 78 9 9 9 41 112 139 166 193
a 79 9 9 107 139 157 170 183
a 80 9 9 29 145 151 175 176
a 81 9 9 133 137 176 182 192
a 82 9 9 6 15 50 100 104
a 83 9 9 4 22 81 123
a 84 9 9 16 22 35 58
a 85 9 9 0 5 83 118
a 86 9 9 26 89 114 136
a 87 9 9 12 166 194
a 88 9 9 54 143 153
a 89 9 9 62 130 163
a 90 9 9 31 128 195
a 91 9 9 93 125
a 92 9 9 49 154
a 93 10 10 16 19 40 44 81 82
a 94 10 10 35 37 46 68 158
a 95 10 10 14 87 118 137
a 96 10 10 2 64 70 106
a 97 10 10 28 99 119 124
a 98 10 10 20 126 187
a 99 10 10 9 72 149
a 100 10 10 66 74 137
a 101 10 10 21 146
a 102 10 10 8 123
a 103 10 10 152
a 104 11 11 66 106 141 156 168 174 191 199
a 105 11 11 14 59 63 90 111 138 175
a 106 11 11 22 23 138 182 188 190
a 107 11 11 29 37 65 148 183
a 108 11 11 12 70 91 199
a 109 11 11 82 96 137 184
a 110 11 11 12 66 125 157
a 111 11 11 72 81 93 108
a 112 11 11 9 59 99 183
a 113 11 11 51 69 139
a 114 11 11 56 131
a 115 11 11 13 117
a 116 11 11 76 162
a 117 11 11 158 171
a 118 12 12 15 98 100 104 133 151 169
a 119 12 12 52 66 79 148 152
a 120 12 12 47 59 126 144 146
a 121 12 12 31 72 95
a 122 12 12 16 166 180
a 123 12 12 27 75
a 124 12 12 46 76
a 125 12 12 108 156
a 126 13 13 37 52 83 88 146
a 127 13 13 19 60 98 138 194
a 128 13 13 40 58 101 179 198
a 129 13 13 47 55 91 101
a 130 13 13 90 136 160 171
a 131 13 13 34 67 102 171
a 132 13 13 29 49 140 142
a 133 13 13 12 39 172 192
a 134 13 13 81 111 129 158
a 135 13 13 27 128 152
a 136 13 13 116 193
a 137 13 13 106 159
a 138 14 14 18 77 93 118 158
a 139 14 14 1 89 106 109 184
a 140 14 14 18 55 75 98 135
a 141 14 14 12 18 77 81 92
a 142 14 14 2 15 129
a 143 14 14 14 24 138
a 144 14 14 35 144 194
a 145 14 14 15 94 196
a 146 15 15 40 76 98 138 160 185
a 147 15 15 22 29 39 65 96
a 148 15 15 20 30 49 79 149
a 149 15 15 78 91 119 138 167
a 150 15 15 56 91 105
a 151 15 15 41 125
a 152 15 15 107 108
a 153 16 16 22 36 71 85 107 158 160 173 188
a 154 16 16 19 26 40 82 93 130 178
a 155 16 16 0 10 80 91 111 151
a 156 16 16 56 67 82 135 183 187
a 157 16 16 48 58 112 124 169
a 158 16 16 31 40 126 159
a 159 16 16 67 117 152
a 160 16 16 34 97 198
a 161 16 16 1 57
a 162 16 16 7 164
a 163 16 16 151 168
a 164 16 16 84
a 165 17 17 4 26 91 102 145 173 196
a 166 17 17 39 48 58 70 109 158
a 167 17 17 29 52 88 95 198
a 168 17 17 48 60 118 157 163
a 169 17 17 43 92 146 147 166
a 170 17 17 28 38 66 132
a 171 17 17 14 38 61 127
a 172 17 17 27 91 103 128
a 173 17 17 92 99 109
a 174 17 17 41 71 139
a 175 17 17 79 190
a 176 17 17 132 144
a 177 17 17 123
a 178 18 18 60 69 101 104 160
a 179 18 18 22 27 32 49 102
a 180 18 18 45 52 97 108
a 181 18 18 134 135 164 187
a 182 18 18 71 80 102 190
a 183 18 18 44 99 112
a 184 18 18 68 134 145
a 185 18 18 97 128
a 186 19 19 0 19 37 109 155 169
a 187 19 19 77 95 97 104 142
a 188 19 19 58 107 129 130 150
a 189 19 19 67 127 160 176
a 190 19 19 112 117 124 172
a 191 19 19 32 46 152
a 192 19 19 30 109 129
a 193 19 19 29 133
a 194 19 19 20 82
a 195 20 20 58 103 123 130 166 184
a 196 20 20 4 65 89 162 171 193
a 197 20 20 24 130 160 177 198
a 198 20 20 56 62 120 183
a 199 20 20 4 139 160 166
a 200 20 20 26 69 157 180
a 201 20 20 109 150 156
a 202 20 20 3 32 52
a 203 21 21 21 36 42 82 155 188 194
a 204 21 21 2 7 59 118 148 191
a 205 21 21 32 68 79 91 190
a 206 21 21 75 94 164 187
a 207 21 21 22 95 148 166
a 208 21 21 18 39 74 193
a 209 21 21 64 114 168
a 210 21 21 63 68 73
a 211 21 21 170 173
a 212 21 21 192 199
a 213 22 22 14 56 154 162 192
a 214 22 22 18 139 155 159 175
a 215 22 22 12 31 49 172
a 216 22 22 46 75 173 180
a 217 22 22 93 98 148
a 218 22 22 47 77 191
a 219 22 22 139 167 171
a 220 22 22 114 125 154
a 221 22 22 117 156
a 222 22 22 32 124
a 223 22 22 17 130
a 224 22 22 30 98
a 225 23 23 33 93 100 103 114 150 178
a 226 23 23 15 36 75 155 158 174
a 227 23 23 17 19 47 125 137 162
a 228 23 23 32 41 42 145 182
a 229 23 23 38 83 96 109 167
a 230 23 23 65 87 119 151 162
a 231 23 23 17 23 43 89
a 232 23 23 95 108 115 164
a 233 23 23 16 145
a 234 23 23 74 118
a 235 23 23 2 138
a 236 23 23 51 92
a 237 23 23 64 178
a 238 24 24 9 118 148 151 154 157 166 174
a 239 24 24 30 31 37 38 121 140 160 169
a 240 24 24 5 33 51 111 129 156 187
a 241 24 24 6 85 126 137 143 157
a 242 24 24 11 17 67 118 123 143
a 243 24 24 5 20 45 74 112 174
a 244 24 24 31 90 119 146 190 194
a 245 24 24 31 44 62 88 155
a 246 24 24 0 118 149 187
a 247 24 24 52 56 67 85
a 248 24 24 3 69 140
a 249 24 24 94 136 167
a 250 24 24 57 112
a 251 24 24 88 176
a 252 24 24 98 121
a 253 25 25 96 102 104 117 127 190
a 254 25 25 20 34 94 111 164
a 255 25 25 6 36 136 186
a 256 25 25 84 109 177 185
a 257 25 25 25 26 61 124
a 258 25 25 1 47 72 115
a 259 25 25 31 35 72
a 260 25 25 14 32 181
a 261 25 25 69 168
a 262 25 25 37
a 263 25 25 101
a 264 26 26 36 61 66 68 69 107 184
a 265 26 26 20 72 87 91 96 189
a 266 26 26 2 36 93 105 126 159
a 267 26 26 5 19 126 144 151 173
a 268 26 26 17 123 126 154 168
a 269 26 26 36 104 131 137 171
a 270 26 26 11 52 73 135 155
a 271 26 26 14 36 102 148
a 272 26 26 13 66 109 151
a 273 26 26 78 82 141 196
a 274 26 26 89 124 135 152
a 275 26 26 1 17 68
a 276 26 26 116 147
a 277 26 26 193
a 278 27 27 55 72 80 127 147
a 279 27 27 29 73 113 119
a 280 27 27 4 55 114 128
a 281 27 27 76 80 141
a 282 27 27 30 48 197
a 283 27 27 102 162 179
a 284 27 27 44 112 152
a 285 27 27 41 158
a 286 27 27 102 190
a 287 27 27 25 155
a 288 28 28 13 106 111 126 140 151 170 173 194
a 289 28 28 51 75 85 89 125 168
a 290 28 28 115 116 146 157 170
a 291 28 28 79 93 100 107 190
a 292 28 28 49 63 71 162
a 293 28 28 75 153
a 294 29 29 32 46 64 70 152 199
a 295 29 29 17 28 29 97 165 199
a 296 29 29 9 96 128 190 193
a 297 29 29 47 71 134 145
a 298 29 29 20 58 118 199
a 299 29 29 101 120 193
a 300 29 29 126
a 301 30 30 32 52 64 77 105 128 162 174
a 302 30 30 27 42 93 96 116 123 134
a 303 30 30 86 110 128 155 157 163
a 304 30 30 16 46 52 153 164 179
a 305 30 30 22 54 156 162 172
a 306 30 30 24 52 53 103 112
a 307 30 30 82 98 106 139 196
a 308 30 30 42 44 48 72 82
a 309 31 31 31 34 87 107 110 156 178 183
a 310 31 31 60 81 131 162 178
a 311 31 31 32 35 37 62 103
a 312 31 31 32 33 96 103 137
a 313 31 31 8 71 134 183
a 314 31 31 94 148 169 181
a 315 31 31 17 18 149
a 316 31 31 65 78 102
a 317 31 31 35 36
a 318 31 31 180
a 319 32 32 2 13 27 54 126 154 187 193
a 320 32 32 39 50 57 132 133 170 178 190
a 321 32 32 76 100 170 181 196
a 322 32 32 2 105 121 125 195
a 323 32 32 11 25 41 135 189
a 324 32 32 7 71 75 136
a 325 32 32 96 111 121 179
a 326 32 32 62 109 176 199
a 327 32 32 12 36 171
a 328 32 32 36 83 176
a 329 32 32 30 128 177
a 330 32 32 10 187
a 331 32 32 72 77
a 332 33 33 5 86 103 111 116 168 195 198 199
a 333 33 33 7 31 53 69 91 107 119 191
a 334 33 33 17 49 146 167 168 187 199
a 335 33 33 17 55 66 84 115 168
a 336 33 33 62 63 81 142 153
a 337 33 33 8 128 164 171 181
a 338 33 33 3 25 54 101
a 339 33 33 35 66 96 146
a 340 33 33 35 39 105
a 341 33 33 83 108 125
a 342 33 33 60 69 157
a 343 33 33 56 104
a 344 33 33 145 173
a 345 34 34 4 43 79 120 146 182 188
a 346 34 34 29 64 76 145 189 192
a 347 34 34 8 63 70 80 113 188
a 348 34 34 12 126 137 146 197
a 349 34 34 31 101 117 142 191
a 350 34 34 2 47 49 72
a 351 34 34 57 106 130
a 352 34 34 60 158 191
a 353 34 34 175 180
a 354 34 34 3 72
a 355 34 34 62
a 356 35 35 4 6 24 29 109 158 197
a 357 35 35 24 32 89 119 139 161
a 358 35 35 62 89 133 169 171 184
a 359 35 35 6 22 24 66 168
a 360 35 35 0 11 36 157
a 361 35 35 15 57 131 132
a 362 35 35 71 74 76 106
a 363 35 35 51 125 189
a 364 35 35 126 137 157
a 365 36 36 21 30 33 79 85 95
a 366 36 36 18 99 126 140 152
a 367 36 36 13 39 40 65 161
a 368 36 36 0 24 60 149 167
a 369 36 36 2 3 13 182
a 370 36 36 25 119 121
a 371 36 36 141 151 179
a 372 36 36 49 58 131
a 373 36 36 154 159 199
a 374 36 36 15 91 147
a 375 36 36 94 109 159
a 376 36 36 113 137
a 377 36 36 112 163
a 378 37 37 1 13 39 56 87 135 166
a 379 37 37 13 82 92 116 127
a 380 37 37 73 111 127 153
a 381 37 37 13 70 112 196
a 382 37 37 24 87 189
a 383 38 38 62 85 88 119 121 137 164 177 186
a 384 38 38 78 89 106 178 182 197
a 385 38 38 8 26 84 86 96 165
a 386 38 38 66 79 96 101 121 195
a 387 38 38 64 77 119 130 146 159
a 388 38 38 50 71 89 148 182 193
a 389 38 38 52 97 140 176 185
a 390 38 38 51 103 113 144
a 391 38 38 31 49 102
a 392 38 38 8 79 92
a 393 38 38 37
a 394 39 39 3 6 97 117 178
a 395 39 39 71 115 136 177
a 396 39 39 89 115 138 192
a 397 39 39 21 127 174
a 398 40 40 9 30 45 52 56 130 191
a 399 40 40 0 52 82 120 123 142
a 400 40 40 69 88 103 128 130
a 401 40 40 80 114 169
a 402 40 40 91 131 173
a 403 40 40 29 52 113
a 404 40 40 24 99
a 405 40 40 129
a 406 41 41 47 96 140 149 151 178
a 407 41 41 47 129 142 169 196
a 408 41 41 35 107 120 169 187
a 409 41 41 34 104 151 160
a 410 41 41 3 87 194
a 411 41 41 0 85
a 412 41 41 117
a 413 42 42 14 46 61 115 120 135 177
a 414 42 42 14 68 142 181
a 415 42 42 18 26 89 172
a 416 42 42 26 64 78 167
a 417 42 42 107 120 154 183
a 418 42 42 8 90 112 125
a 419 42 42 149 157 184 195
a 420 42 42 10 184 197
a 421 43 43 29 40 64 120 122 129 134 189
a 422 43 43 17 45 47 129 184 190
a 423 43 43 26 130 177 188 189
a 424 43 43 98 108 117 158
a 425 43 43 17 86 188
a 426 43 43 65 115 186
a 427 43 43 13 41 54
a 428 43 43 48 143 149
a 429 43 43 25 121
a 430 43 43 8 176
a 431 44 44 35 48 90 93 136 167
a 432 44 44 22 29 68 144 181
a 433 44 44 3 47 92 183
a 434 44 44 67 163 185
a 435 44 44 22 87 163
a 436 44 44 48 127
a 437 44 44 16 46
a 438 44 44 120 140
a 439 44 44 36
a 440 45 45 10 77 82 83 91 104 112 181 193 195
a 441 45 45 23 41 106 174
a 442 45 45 88 124 157 164
a 443 45 45 0 120 184 190
a 444 45 45 0 48 154 188
a 445 45 45 6 34 194
a 446 45 45 112 133 154
a 447 45 45 114 184
a 448 45 45 3 93
a 449 46 46 18 36 37 68 93 149 162 192
a 450 46 46 7 31 44 90 142 184
a 451 46 46 2 87 93 117 195
a 452 46 46 46 58 92 132 178
a 453 46 46 34 38 41 116 167
a 454 46 46 10 58 73 152
a 455 46 46 6 16 97 108
a 456 46 46 41 115 132
a 457 46 46 36 43 165
a 458 46 46 30 139 161
a 459 46 46 48 70 121
a 460 46 46 16 79 129
a 461 46 46 7 30 111
a 462 46 46 49 134
a 463 47 47 37 77 82 104 118 178
a 464 47 47 127 133 150 163 191
a 465 47 47 22 58 124 127
a 466 47 47 7 44 140 197
a 467 47 47 35 97 164 174
a 468 47 47 63 107 142 144
a 469 47 47 95 120 139 179
a 470 47 47 122 167 175 191
a 471 47 47 1 41 112
a 472 47 47 23 44 49
a 473 47 47 115 128 162
a 474 47 47 8 178 185
a 475 47 47 154 190
a 476 47 47 78
a 477 48 48 10 37 99 130 151 181
a 478 48 48 57 68 151 167 183
a 479 48 48 20 93 102 138 151
a 480 48 48 23 37 93 108 176
a 481 48 48 69 73 84 99 170
a 482 48 48 45 47 92 179
a 483 48 48 7 101 147 167
a 484 48 48 17 72 160 162
a 485 48 48 31 79 140 186
a 486 48 48 75 78 148 193
a 487 48 48 44 99 199
a 488 48 48 11 73 178
a 489 48 48 13 84
a 490 48 48 111
a 491 49 49 2 37 78 85 94 107
a 492 49 49 48 71 121 137 188
a 493 49 49 51 77 138 189
a 494 49 49 56 149 183 195
a 495 49 49 13 47 82
a 496 49 49 114 155 192
a 497 50 50 9 39 42 49 88 91 92
a 498 50 50 28 106 117 191 197
a 499 50 50 2 14 19 65 108
a 500 50 50 1 69 89 162 195
a 501 50 50 14 73 88 163
a 502 50 50 3 19 21 151
a 503 50 50 58 108 159
a 504 50 50 10 41 93
a 505 50 50 77 134
a 506 50 50 76 155
a 507 50 50 86
a 508 51 51 13 19 66 92 123 160
a 509 51 51 37 96 97 127 151
a 510 51 51 64 65 87 112
a 511 51 51 16 56 74 126
a 512 51 51 24 133 173
a 513 51 51 74 124
a 514 51 51 88 168
a 515 51 51 66
a 516 52 52 4 32 34 118 125 192 196
a 517 52 52 20 21 24 36 85 115 147
a 518 52 52 85 120 141 168 181
a 519 52 52 99 113 141 153 197
a 520 52 52 114 164 167 181
a 521 52 52 21 100 126 186
a 522 52 52 28 81 107 181
a 523 52 52 61 125 155
a 524 52 52 29 118 173
a 525 52 52 24 147 172
a 526 52 52 25 51
a 527 52 52 34 135
a 528 52 52 180
a 529 53 53 5 10 24 59 80 98 178
a 530 53 53 31 35 115 128 190
a 531 53 53 65 74 125 178
a 532 53 53 20 40 54 86
a 533 53 53 37 153 185
a 534 53 53 16 175
a 535 54 54 36 76 103 107 134
a 536 54 54 75 104 112 142 148
a 537 54 54 5 50 70 115
a 538 54 54 36 47 80
a 539 54 54 8 92 119
a 540 54 54 41 64 145
a 541 54 54 136 161
a 542 55 55 7 20 108 155 167 191
a 543 55 55 24 46 83 110 120 168
a 544 55 55 64 88 105 109 181 187
a 545 55 55 12 35 109 168 170
a 546 55 55 12 95 127 194
a 547 55 55 6 14 147 186
a 548 55 55 64 83 115 123
a 549 55 55 27 33 93 99
a 550 55 55 18 119 171
a 551 55 55 8 21 187
a 552 55 55 68 175 182
a 553 55 55 40 126 186
a 554 55 55 10 103 123
a 555 56 56 29 82 98 106 145 188
a 556 56 56 20 68 77 139 140
a 557 56 56 3 95 107 140 150
a 558 56 56 12 35 169 181
a 559 56 56 7 28 147 183
a 560 56 56 76 97 179
a 561 56 56 72 121
a 562 56 56 19 121
a 563 56 56 156 159
a 564 57 57 27 36 69 96 145 166 189
a 565 57 57 60 74 103 114 154 159
a 566 57 57 21 62 76 104
a 567 57 57 15 33 111 143
a 568 57 57 11 28 65 67
a 569 57 57 17 155 192 195
a 570 57 57 93 161 182 196
a 571 57 57 20 130 188 197
a 572 57 57 19 40 167
a 573 57 57 28 44 160
a 574 57 57 7 44 118
a 575 57 57 187 190
a 576 57 57 60
a 577 58 58 23 48 64 182 191
a 578 58 58 59 62 119 147
a 579 58 58 8 59 153 187
a 580 58 58 16 140 146 159
a 581 58 58 96 128 162 175
a 582 58 58 71 104 107
a 583 58 58 92 190
a 584 58 58 24 41
a 585 58 58 47 80
a 586 58 58 13 57
a 587 58 58 59
a 588 59 59 16 18 66 99 106 130 158
a 589 59 59 1 64 82
a 590 59 59 68 145 171
a 591 59 59 12 26 135
a 592 59 59 68 80
a 593 59 59 72 148
a 594 60 60 5 19 31 33 55 79
a 595 60 60 11 85 86 183 192 197
a 596 60 60 8 58 66 144 149 150
a 597 60 60 18 63 102 168 191
a 598 60 60 0 35 92 105 178
a 599 60 60 37 84 145
a 600 60 60 84 109 193
a 601 60 60 3 64 167
a 602 60 60 71 104 137
a 603 61 61 21 69 109 117 138
a 604 61 61 30 136 150 164
a 605 61 61 151 181 185 192
a 606 61 61 73 90 115
a 607 61 61 97 105 158
a 608 61 61 105 148
a 609 61 61 53 149
a 610 61 61 163
a 611 62 62 27 34 110 111 117 119 198
a 612 62 62 27 94 116 126
a 613 62 62 75 86 156
a 614 63 63 12 43 83 117 131 187
a 615 63 63 18 57 76 91 109 143
a 616 63 63 46 56 91 123 179
a 617 63 63 115 125 133 157
a 618 63 63 29 34 98 177
a 619 63 63 10 16 184
a 620 63 63 23 86 109
a 621 63 63 49 61 101
a 622 63 63 24 56
a 623 63 63 105 176
a 624 63 63 5 108
a 625 63 63 111 177
a 626 63 63 120
a 627 64 64 18 101 138 143 147 187
a 628 64 64 40 79 115 144 198
a 629 64 64 13 61 73 103 189
a 630 64 64 86 104 106 153 199
a 631 64 64 93 119 121 128 133
a 632 64 64 70 101 164 188
a 633 64 64 26 31 91
a 634 64 64 1 72 189
a 635 64 64 55 133
a 636 64 64 113 195
a 637 64 64 85 135
a 638 65 65 0 65 71 119 183
a 639 65 65 3 9 79 96 99
a 640 65 65 10 44 45 54
a 641 65 65 80 86 147
a 642 65 65 139 154 166
a 643 65 65 164 190
a 644 65 65 108 147
a 645 65 65 37 165
a 646 66 66 15 63 78 82 84 182 194 197
a 647 66 66 22 135 156 162 191
a 648 66 66 99 119 138 145 165
a 649 66 66 34 77 140 144 169
a 650 66 66 17 44 84 93 168
a 651 66 66 23 37 95 188
a 652 66 66 25 63 189
a 653 66 66 159 188
a 654 67 67 10 21 35 116 169 185
a 655 67 67 24 33 91 112 122 193
a 656 67 67 16 22 58 61 197
a 657 67 67 5 29 103 156 194
a 658 67 67 0 1 125 182
a 659 67 67 23 47 126 181
a 660 67 67 28 30 58 146
a 661 67 67 133 167 171 185
a 662 67 67 1 24 41
a 663 67 67 86 187 189
a 664 67 67 24 80 84
a 665 67 67 37 39 183
a 666 67 67 29 110 163
a 667 67 67 45 108
a 668 67 67 124
a 669 68 68 8 25 30 127 177 184
a 670 68 68 22 52 73 158 179 184
a 671 68 68 27 69 77 130 150 179
a 672 68 68 16 49 76 156 180 183
a 673 68 68 24 64 102 122 175 180
a 674 68 68 4 62 81 126 191 194
a 675 68 68 64 81 103 158 159
a 676 68 68 35 75 100 133
a 677 68 68 10 41 157 174
a 678 68 68 100 165 167 170
a 679 68 68 51 112 113
a 680 69 69 6 29 38 67 83 120 122 130
a 681 69 69 50 83 97 119 122 126
a 682 69 69 2 48 76 149 196
a 683 69 69 14 78 147 156 162
a 684 69 69 10 95 99 141 190
a 685 69 69 78 184 187 191
a 686 69 69 17 30 34 92
a 687 69 69 43 68 74 99
a 688 69 69 92 163
a 689 69 69 20 44
a 690 70 70 52 78 117 176
a 691 70 70 11 25 26 56
a 692 70 70 4 50 76 106
a 693 70 70 85 123 169 176
a 694 70 70 48 130 182 195
a 695 70 70 97 144 165
a 696 70 70 22 95 187
a 697 70 70 20 74 152
a 698 71 71 0 53 64 73
a 699 71 71 73 150 153 185
a 700 71 71 118 192 198
a 701 71 71 36 145 176
a 702 71 71 69 113
a 703 71 71 140 194
a 704 72 72 11 40 42 169
a 705 72 72 95 159 166 194
a 706 72 72 28 48 105
a 707 72 72 53 137 143
a 708 72 72 10 95 177
a 709 72 72 127 143
a 710 72 72 53 167
a 711 72 72 28 107
a 712 73 73 44 50 53 106 194 198
a 713 73 73 61 83 102 153 180
a 714 73 73 6 18 21 166 175
a 715 73 73 37 60 76 143 151
a 716 73 73 48 63 79 131
a 717 73 73 17 21 68 129
a 718 73 73 31 109 139 143
a 719 73 73 13 39 58
a 720 73 73 12 64 76
a 721 73 73 52 160
a 722 73 73 15 53
a 723 73 73 143
a 724 74 74 10 27 45 60 77 105 162 165 187
a 725 74 74 17 38 39 58 83 86 110 175
a 726 74 74 45 94 109 131 168 183
a 727 74 74 48 111 136 139 140 199
a 728 74 74 42 49 71 72 149
a 729 74 74 24 28 85 115 130
a 730 74 74 46 91 93 146 192
a 731 74 74 25 31 147 153
a 732 74 74 22 90 133 136
a 733 74 74 64 78 176 194
a 734 74 74 55 68 124
a 735 74 74 95 172
a 736 75 75 33 41 42 45 69 128 131 181
a 737 75 75 28 93 98 105 133 162
a 738 75 75 52 74 90 103 173
a 739 75 75 0 11 85 90
a 740 75 75 51 65 77 86
a 741 75 75 100 112
a 742 75 75 22 197
a 743 75 75 106 181
a 744 75 75 51 74
a 745 75 75 59
a 746 75 75 113
a 747 75 75 119
a 748 76 76 41 49 88 124 141 150
a 749 76 76 54 80 89 141 183
a 750 76 76 134 150 155 160
a 751 76 76 16 83 114 194
a 752 76 76 49 61 102 183
a 753 76 76 17 152 183 192
a 754 76 76 88 120 187
a 755 76 76 27 164 180
a 756 76 76 26 41 51
a 757 77 77 26 60 123 150 188
a 758 77 77 4 12 16 87 89
a 759 77 77 26 65 112 196
a 760 77 77 130 137 175 194
a 761 77 77 43 93 138 194
a 762 77 77 1 19 142 185
a 763 77 77 11 15 87 144
a 764 77 77 5 83 176
a 765 77 77 24 80
a 766 78 78 50 82 92 95 108 118 144
a 767 78 78 49 87 95 133 145 193
a 768 78 78 66 143 147 148 175
a 769 78 78 90 129 152 160
a 770 78 78 15 30 77 121
a 771 78 78 8 62 87 94
a 772 78 78 104 155 186
a 773 78 78 39 178 194
a 774 78 78 46 51
a 775 78 78 104 152
a 776 79 79 18 63 123 146 158 179
a 777 79 79 10 47 51 93 193
a 778 79 79 4 69 112 141 191
a 779 79 79 11 122 157
a 780 79 79 81 94 175
a 781 79 79 22 77 111
a 782 79 79 82 174
a 783 79 79 169 195
a 784 80 80 17 20 28 56 86 106 128 155
a 785 80 80 14 51 95 98 143 153 176
a 786 80 80 18 43 77 113 129 141 142
a 787 80 80 34 81 88 119 137 175
a 788 80 80 11 83 90 136 176
a 789 80 80 10 150 157 162
a 790 80 80 50 73 130
a 791 80 80 59 86 145
a 792 80 80 37 58 182
a 793 80 80 36 91 146
a 794 80 80 50 148
a 795 81 81 18 37 46 66 127 130 135
a 796 81 81 1 18 78 119 141 180
a 797 81 81 67 102 110 179 188
a 798 81 81 21 34 63 87 181
a 799 81 81 1 12 62 171 189
a 800 81 81 17 32 156 197
a 801 81 81 105 112 150
a 802 81 81 59 101
a 803 81 81 13 127
a 804 81 81 139 171
a 805 82 82 13 89 103 112 151 159
a 806 82 82 52 93 138 143 172 194
a 807 82 82 32 39 92 94 150 159
a 808 82 82 33 34 42 116 178
a 809 82 82 37 117 145 153 166
a 810 82 82 14 43 73 79 117
a 811 82 82 46 107 146 191
a 812 82 82 40 146 180
a 813 82 82 36 64 162
a 814 82 82 35 93 169
a 815 82 82 119 175 181
a 816 82 82 156 199
a 817 82 82 69 167
a 818 83 83 16 51 76 107 127 171 175
a 819 83 83 32 70 96 114 187
a 820 83 83 105 141 150 152
a 821 83 83 60 67 109 122
a 822 83 83 118 138 171 191
a 823 83 83 35 98 136
a 824 83 83 60 191 192
a 825 83 83 12 63 83
a 826 83 83 41 104
a 827 83 83 24
a 828 84 84 18 20 22 50 93 115 164 185
a 829 84 84 19 33 39 43 108 109 136
a 830 84 84 30 87 115 120 165 167 173
a 831 84 84 3 26 47 73 77 79 97
a 832 84 84 15 54 81 136
a 833 84 84 29 31 58 197
a 834 84 84 13 164 199
a 835 84 84 49 91 116
a 836 84 84 121 153 199
a 837 84 84 126
a 838 85 85 11 45 74 119 127 158 185 186
a 839 85 85 4 14 40 41 85 95 100
a 840 85 85 64 70 83 139 159
a 841 85 85 33 159 170 174
a 842 85 85 19 50 59
a 843 85 85 40 176 193
a 844 85 85 67 77
a 845 85 85 116 119
a 846 85 85 35 70
a 847 85 85 44
a 848 86 86 5 63 79 107 111 116
a 849 86 86 71 93 106 137 143 193
a 850 86 86 12 69 109 148 166 187
a 851 86 86 69 76 78 104 187
a 852 86 86 39 82 124 187
a 853 86 86 40 107 110 191
a 854 86 86 10 27 99 153
a 855 86 86 85 137 187 192
a 856 86 86 85 154 198
a 857 86 86 13 68 74
a 858 86 86 42 133 134
a 859 86 86 1 12 146
a 860 86 86 59 162 183
a 861 86 86 1 117 190
a 862 86 86 32 126
a 863 86 86 71
a 864 86 86 188
a 865 87 87 7 88 111 169 182 187
a 866 87 87 129 148 168 174 196
a 867 87 87 13 55 99 149
a 868 87 87 42 67 94
a 869 87 87 23 62 90
a 870 87 87 41 105
a 871 87 87 70 100
a 872 87 87 44 73
a 873 87 87 45 92
a 874 88 88 30 91 104 106 179 185
a 875 88 88 23 32 39 88 148 184
a 876 88 88 12 29 104 108 149 168
a 877 88 88 10 21 100 127 181
a 878 88 88 5 80 117 149 153
a 879 88 88 76 90 110 150
a 880 88 88 148 153 154
a 881 88 88 33 34 187
a 882 88 88 43 152
a 883 89 89 40 79 110 156 171 175 184
a 884 89 89 1 64 99 118 148
a 885 89 89 68 180 183 193
a 886 89 89 39 62 74 197
a 887 89 89 13 42 107
a 888 89 89 53 56 137
a 889 89 89 180 197
a 890 89 89 39 68
a 891 89 89 32 140
a 892 90 90 48 70 100 104 111 140 149 168
a 893 90 90 9 45 49 70 80 120 155
a 894 90 90 49 56 62 83 107
a 895 90 90 2 78 117 163
a 896 90 90 30 31 146 178
a 897 90 90 59 65 87 191
a 898 90 90 127 157 165 192
a 899 90 90 80 172 193
a 900 90 90 72 147
a 901 90 90 39 89
a 902 91 91 55 100 102 116 157 180
a 903 91 91 58 66 186 192 195
a 904 91 91 54 62 68 83 123
a 905 91 91 4 113 116 187
a 906 91 91 129 173 196
a 907 91 91 15 77 104
a 908 91 91 23 127 173
a 909 91 91 31 119
a 910 91 91 18 122
a 911 91 91 64 153
a 912 91 91 90 141
a 913 91 91 68
a 914 92 92 1 11 47 86 102 110 118 138 163 165
a 915 92 92 0 34 43 78 82 136 143 156 199
a 916 92 92 77 113 149 173 178
a 917 92 92 56 62 145 160 179
a 918 92 92 2 11 97 113
a 919 92 92 66 69 141 197
a 920 92 92 3 54 166
a 921 93 93 19 20 53 98 144 152
a 922 93 93 6 41 52 53 112
a 923 93 93 4 46 49 94 118
a 924 93 93 20 63 127 151
a 925 93 93 8 32 153 198
a 926 93 93 6 63 94 118
a 927 93 93 76 86 184 188
a 928 93 93 21 29 56
a 929 93 93 7 27 137
a 930 93 93 67 180
a 931 93 93 113 137
a 932 94 94 4 39 101 107 111 143 189
a 933 94 94 59 104 114 130 159 167
a 934 94 94 0 58 86 180 186 199
a 935 94 94 3 7 22 183
a 936 94 94 1 21 87 162
a 937 94 94 107 112 161
a 938 94 94 80 114 159
a 939 94 94 111
a 940 95 95 1 10 25 162 188 190 194
a 941 95 95 52 111 135 146 159 188
a 942 95 95 31 55 95 141 180
a 943 95 95 12 21 45 54 138
a 944 95 95 71 102 107 189
a 945 95 95 122 178 192 198
a 946 95 95 7 62 73 192
a 947 95 95 24 65 74 128
a 948 95 95 50 96 131
a 949 95 95 141 153 195
a 950 95 95 35 166
a 951 95 95 114 144
a 952 96 96 15 21 27 28 109 138 170
a 953 96 96 18 21 52 65 92 124
a 954 96 96 60 97 142 160 196
a 955 96 96 43 72 110 179
a 956 96 96 16 75 92 153
a 957 96 96 4 6 58 156
a 958 96 96 2 69 99 123
a 959 96 96 51 57 92 165
a 960 96 96 15 46 65 95
a 961 96 96 0 24 151
a 962 96 96 14 75 153
a 963 97 97 38 56 57 75 171 190
a 964 97 97 6 16 23 75 97 176
a 965 97 97 5 41 101 119 120
a 966 97 97 67 91 96 133 189
a 967 97 97 40 87 185 186
a 968 97 97 117 126 158 180
a 969 97 97 46 181 187 189
a 970 97 97 33 48 73
a 971 97 97 56 106 169
a 972 97 97 113 121 140
a 973 97 97 65 83 135
a 974 97 97 15 83
a 975 97 97 59
a 976 98 98 10 65 74 183 189
a 977 98 98 77 107 151 153 163
a 978 98 98 13 65 82 127 138
a 979 98 98 8 31 60 115 162
a 980 98 98 21 52 60 136
a 981 98 98 3 77 103 143
a 982 98 98 86 89 125
a 983 98 98 36 78
a 984 99 99 72 77 127 134 149 153
a 985 99 99 3 43 61 99 125
a 986 99 99 93 166 171 188
a 987 99 99 35 82 149 188
a 988 99 99 73 87 145
a 989 99 99 96 165 182
a 990 99 99 15 46 145
a 991 99 99 14 106 151
a 992 100 100 6 18 44 151 161 166 179
a 993 100 100 16 43 132 175 185
a 994 100 100 39 148 174 190
a 995 100 100 26 61 132
a 996 100 100 36 53 84
a 997 100 100 91 100
a 998 100 100 26 99
a 999 100 100 166
s 0 1
s 1 1
s 2 1
s 3 1
s 4 1
s 5 1
s 6 1
s 7 1
s 8 1
s 9 1
s 10 1
s 11 1
s 12 1
s 13 1
s 14 1
s 15 1
s 16 1
s 17 1
s 18 1
s 19 1
s 20 1
s 21 1
s 22 1
s 23 1
s 24 1
s 25 1
s 26 1
s 27 1
s 28 1
s 29 1
s 30 1
s 31 1
s 32 1
s 33 1
s 34 1
s 35 1
s 36 1
s 37 1
s 38 1
s 39 1
s 40 1
s 41 1
s 42 1
s 43 1
s 44 1
s 45 1
s 46 1
s 47 1
s 48 1
s 49 1
s 50 1
s 51 1
s 52 1
s 53 1
s 54 1
s 55 1
s 56 1
s 57 1
s 58 1
s 59 1
s 60 1
s 61 1
s 62 1
s 63 1
s 64 1
s 65 1
s 66 1
s 67 1
s 68 1
s 69 1
s 70 1
s 71 1
s 72 1
s 73 1
s 74 1
s 75 1
s 76 1
s 77 1
s 78 1
s 79 1
s 80 1
s 81 1
s 82 1
s 83 1
s 84 1
s 85 1
s 86 1
s 87 1
s 88 1
s 89 1
s 90 1
s 91 1
s 92 1
s 93 1
s 94 1
s 95 1
s 96 1
s 97 1
s 98 1
s 99 1
s 100 1
s 101 1
s 102 1
s 103 1
s 104 1
s 105 1
s 106 1
s 107 1
s 108 1
s 109 1
s 110 1
s 111 1
s 112 1
s 113 1
s 114 1
s 115 1
s 116 1
s 117 1
s 118 1
s 119 1
s 120 1
s 121 1
s 122 1
s 123 1
s 124 1
s 125 1
s 126 1
s 127 1
s 128 1
s 129 1
s 130 1
s 131 1
s 132 1
s 133 1
s 134 1
s 135 1
s 136 1
s 137 1
s 138 1
s 139 1
s 140 1
s 141 1
s 142 1
s 143 1
s 144 1
s 145 1
s 146 1
s 147 1
s 148 1
s 149 1
s 150 1
s 151 1
s 152 1
s 153 1
s 154 1
s 155 1
s 156 1
s 157 1
s 158 1
s 159 1
s 160 1
s 161 1
s 162 1
s 163 1
s 164 1
s 165 1
s 166 1
s 167 1
s 168 1
s 169 1
s 170 1
s 171 1
s 172 1
s 173 1
s 174 1
s 175 1
s 176 1
s 177 1
s 178 1
s 179 1
s 180 1
s 181 1
s 182 1
s 183 1
s 184 1
s 185 1
s 186 1
s 187 1
s 188 1
s 189 1
s 190 1
s 191 1
s 192 1
s 193 1
s 194 1
s 195 1
s 196 1
s 197 1
s 198 1
s 199 1
