p 1000 200
a 0 1 1 57 77 100 102 186 187
a 1 1 1 46 87 120 175 190
a 2 1 1 47 102 161 190
a 3 1 1 69 87 124 155
a 4 1 1 67 89 156 184
a 5 1 1 30 110 112 173
a 6 1 1 27 96 140
a 7 1 1 102 166 197
a 8 1 1 55 179
a 9 2 2 1 119 149 175
a 10 2 2 30 101 136 141
a 11 2 2 14 27 94
a 12 2 2 143 192
a 13 2 2 64 71
a 14 2 2 38 162
a 15 2 2 82
a 16 3 3 1 3 4 74 104 110 191 196
a 17 3 3 0 6 51 56 127 131 155 187
a 18 3 3 11 35 45 94 145 147 183 190
a 19 3 3 29 39 60 158 169 194
a 20 3 3 8 22 51 89 186
a 21 3 3 6 22 113 163
a 22 3 3 25 137 178 189
a 23 3 3 48 86 140
a 24 3 3 122 157 165
a 25 3 3 40 113 172
a 26 3 3 156 199
a 27 3 3 3 50
a 28 4 4 7 16 34 38 50 96 109
a 29 4 4 16 18 44 53 71 104
a 30 4 4 23 43 70 74 151
a 31 4 4 44 56 92 117 126
a 32 4 4 7 77 86 124 186
a 33 4 4 10 29 61 173
a 34 4 4 106 126 139 179
a 35 4 4 175 188 199
a 36 4 4 63 180 183
a 37 4 4 131 144 147
a 38 4 4 122 147 180
a 39 4 4 31 99
a 40 4 4 21 94
a 41 4 4 153
a 42 5 5 36 38 44 83 105 109 191
a 43 5 5 115 117 123 160 182 188
a 44 5 5 56 73 81 97 148 188
a 45 5 5 25 72 94 96 186
a 46 5 5 24 27 57 116 146
a 47 5 5 13 46 122 160
a 48 5 5 72 73 105 193
a 49 5 5 34 39 65 130
a 50 5 5 109 138 140 148
a 51 5 5 65 137 143
a 52 5 5 129 153 169
a 53 5 5 10 54 192
a 54 5 5 43 110
a 55 5 5 98
a 56 5 5 170
a 57 6 6 43 82 88 124 128 129 152 158 196
a 58 6 6 1 15 48 52 101 135 173
a 59 6 6 61 63 71 152 179 185
a 60 6 6 19 22 159 174 194
a 61 6 6 17 63 99 108 181
a 62 6 6 25 58 64 68 150
a 63 6 6 18 80 145 197
a 64 6 6 15 81 144 177
a 65 6 6 66 67 154 191
a 66 6 6 31 84 142 145
a 67 7 7 7 22 27 104 120 141
a 68 7 7 10 95 105 133 142 145
a 69 7 7 4 37 55 82 134 146
a 70 7 7 39 64 156 171 190
a 71 7 7 61 99 143 169 179
a 72 7 7 20 46 69 91
a 73 7 7 115 192
a 74 7 7 29 194
a 75 8 8 23 49 55 86 195
a 76 8 8 17 75 89 90 191
a 77 8 8 43 80 157 187
a 78 8 8 31 106 154 170
a 79 8 8 100 165 180
a 80 8 8 195
a 81 9 9 42 65 71 115 130 150
a 82 9 9 61 93 147 161 172
a 83 9 9 55 64 66 139
a 84 9 9 80 113 145 178
a 85 9 9 31 110 180 188
a 86 9 9 69 113 118 173
a 87 9 9 107 121 139
a 88 9 9 34 121 178
a 89 9 9 69 195
a 90 10 10 11 18 22 65 100 147
a 91 10 10 44 48 91 129 168
a 92 10 10 25 50 174 188
a 93 10 10 25 84 128 199
a 94 10 10 54 102 140 175
a 95 10 10 180 189
a 96 10 10 48 76
a 97 10 10 31 54
a 98 10 10 92
a 99 10 10 46
a 100 11 11 27 29 34 43 114 130 142 164 179
a 101 11 11 35 76 93 97 105 126 136 149
a 102 11 11 9 10 17 44 53 67 81
a 103 11 11 4 19 86 90 107
a 104 11 11 39 45 112 130 177
a 105 11 11 82 101 106 162 169
a 106 11 11 58 146 161 180 188
a 107 11 11 24 31 39 40 141
a 108 11 11 77 82 122
a 109 11 11 101 148
a 110 11 11 38
a 111 12 12 7 40 79 126 175
a 112 12 12 0 14 44 75 103
a 113 12 12 113 115 132 195
a 114 12 12 19 71 105 119
a 115 12 12 92 128 142 190
a 116 12 12 111 120 138 182
a 117 12 12 36 181 194
a 118 12 12 44 129 185
a 119 12 12 97 125 169
a 120 12 12 196
a 121 13 13 67 72 82 118 145 186 187
a 122 13 13 16 126 129 147 157 172 175
a 123 13 13 4 35 64 66 193 199
a 124 13 13 14 134 136 141 190
a 125 13 13 58 63 132 142 165
a 126 13 13 8 63 112 165
a 127 13 13 12 46 96 123
a 128 13 13 76 116 191
a 129 13 13 55 121 137
a 130 13 13 36 176 193
a 131 13 13 37 98 116
a 132 13 13 47 147 153
a 133 13 13 144 145
a 134 13 13 110 139
a 135 14 14 20 41 42 76 136 156 160
a 136 14 14 83 90 95 144 172 192
a 137 14 14 34 91 100 124 164
a 138 14 14 138 180 191
a 139 14 14 14 91 196
a 140 14 14 166 185
a 141 14 14 17 98
a 142 14 14 43 181
a 143 15 15 52 63 105 114 117 121 146 150
a 144 15 15 15 26 31 156
a 145 15 15 6 42 46 179
a 146 15 15 36 42 52 87
a 147 15 15 42 106 132 183
a 148 15 15 63 87 93 120
a 149 15 15 29 91 160
a 150 15 15 159 199
a 151 15 15 56 57
a 152 16 16 44 80 137 149 151 172 187
a 153 16 16 39 95 121 126 185 197
a 154 16 16 11 18 22 131 132
a 155 16 16 38 122 161 167 175
a 156 16 16 20 58 65 170
a 157 16 16 153 182 197
a 158 16 16 46 137 194
a 159 16 16 39 78 93
a 160 16 16 32 107 129
a 161 16 16 37 187
a 162 17 17 4 11 12 38 66 70 83 88 167 175
a 163 17 17 0 40 131 139 183
a 164 17 17 3 51 63 134 185
a 165 17 17 40 44 56 58 119
a 166 17 17 75 98 114 127 137
a 167 17 17 33 67 176 180
a 168 17 17 133 151 152 187
a 169 17 17 117 158 197
a 170 17 17 144
a 171 18 18 29 38 72 77 117 132 163
a 172 18 18 13 77 125 165 183
a 173 18 18 9 43 53 64 189
a 174 18 18 45 88 131 192
a 175 18 18 57 95 111 151
a 176 18 18 5 50 153 181
a 177 18 18 5 113 135 149
a 178 18 18 26 52 147 149
a 179 18 18 89 127 168
a 180 18 18 127 188
a 181 18 18 161 186
a 182 18 18 13 34
a 183 19 19 1 27 67 188 195
a 184 19 19 8 49 118 134 175
a 185 19 19 89 96 113 167
a 186 19 19 7 82 87 152
a 187 19 19 33 145 160 178
a 188 19 19 94 96 176
a 189 19 19 167 174
a 190 19 19 13 136
a 191 20 20 24 34 137 147 158 186 190
a 192 20 20 61 107 149 181 196
a 193 20 20 131 141 157 165
a 194 20 20 57 110 118
a 195 20 20 45 119 134
a 196 20 20 169 191
a 197 20 20 54 81
a 198 20 20 20 119
a 199 21 21 33 52 87 169 193
a 200 21 21 31 57 86 155
a 201 21 21 12 97 140 187
a 202 21 21 4 19 64 83
a 203 21 21 51 79 93 105
a 204 21 21 142 177 192
a 205 21 21 5 12 97
a 206 21 21 11 23 113
a 207 21 21 112
a 208 22 22 28 36 56 58 123 146 177
a 209 22 22 5 29 77 121 130 136 196
a 210 22 22 23 42 61 115
a 211 22 22 46 73 114 158
a 212 22 22 18 157 178 187
a 213 22 22 63 192 195
a 214 22 22 43 87 167
a 215 22 22 41
a 216 22 22 136
a 217 23 23 3 18 71 106 115 132 158 195
a 218 23 23 49 50 65 82 92 168 196
a 219 23 23 2 6 30 78 122 169 177
a 220 23 23 40 54 112 120 133 170
a 221 23 23 40 80 134 143 147 183
a 222 23 23 6 37 66 163
a 223 23 23 38 110 112 188
a 224 23 23 57 93 95 171
a 225 23 23 18 65 81 128
a 226 23 23 21 103 183 196
a 227 23 23 58 84 131
a 228 23 23 89 117 167
a 229 23 23 90 180
a 230 23 23 37 152
a 231 23 23 69 93
a 232 23 23 52
a 233 24 24 5 12 20 75 83 101 171
a 234 24 24 17 23 63 74 77 90 93
a 235 24 24 29 43 79 121 161 170
a 236 24 24 41 61 89 150
a 237 24 24 1 6 22 171
a 238 24 24 6 60 64 184
a 239 24 24 79 103 152
a 240 24 24 34 36
a 241 24 24 41 103
a 242 25 25 59 64 95 134 167 178
a 243 25 25 23 57 105 114 130 135
a 244 25 25 7 23 34 103 111 158
a 245 25 25 49 71 108 134 162
a 246 25 25 15 61 104 183
a 247 25 25 140 154
a 248 25 25 177 197
a 249 26 26 40 56 66 81 110 184 193
a 250 26 26 26 77 78 160 177
a 251 26 26 28 55 63 74
a 252 26 26 21 47 72 106
a 253 26 26 1 5 35
a 254 26 26 71 76 166
a 255 26 26 18 67 85
a 256 26 26 64 135 186
a 257 26 26 141 156
a 258 26 26 15 173
a 259 27 27 15 38 82 173 188 199
a 260 27 27 75 84 91 137 152 182
a 261 27 27 45 59 126 131 141 193
a 262 27 27 38 52 69 85 93
a 263 27 27 46 148 164 179
a 264 27 27 45 82 145 186
a 265 27 27 10 134
a 266 27 27 99 148
a 267 27 27 67 124
a 268 27 27 54 179
a 269 27 27 0 102
a 270 27 27 48
a 271 28 28 20 50 65 89 124
a 272 28 28 2 25 27 109
a 273 28 28 75 85 111 151
a 274 28 28 11 99 147 173
a 275 28 28 75 97
a 276 28 28 50 145
a 277 29 29 47 134 145 171
a 278 29 29 25 130 142 173
a 279 29 29 13 48 190 196
a 280 29 29 129 132 147
a 281 29 29 50
a 282 29 29 101
a 283 30 30 2 54 70 173 174
a 284 30 30 7 36 48 109 157
a 285 30 30 47 101 115 131 168
a 286 30 30 59 112 147 161 182
a 287 30 30 25 53 142 159
a 288 30 30 4 34 120 175
a 289 30 30 9 98 125
a 290 30 30 12 79 154
a 291 31 31 43 45 53 73 148 163 189
a 292 31 31 50 96 98 104 156 167
a 293 31 31 2 8 60 124 190 198
a 294 31 31 129 133 157
a 295 31 31 152 160
a 296 32 32 21 56 90 94 97 177 195
a 297 32 32 14 15 40 55 66 135
a 298 32 32 19 22 58 65 76
a 299 32 32 23 70 95 108
a 300 32 32 121 155 186 189
a 301 32 32 71 73 97 167
a 302 32 32 34 182
a 303 32 32 24 156
a 304 32 32 113
a 305 33 33 17 28 74 88 118 133 142 157
a 306 33 33 15 17 42 54 73 142
a 307 33 33 90 91 92 107 154
a 308 33 33 0 6 12 35 103
a 309 33 33 100 131 145 156
a 310 33 33 45 133 153 174
a 311 33 33 56 57 101 157
a 312 33 33 54 79 82 113
a 313 33 33 93 94 133
a 314 33 33 190 191
a 315 33 33 183
a 316 34 34 3 54 98 109 156 177 184 192
a 317 34 34 49 58 83 99 114 162 198
a 318 34 34 12 60 66 123 133 156 171
a 319 34 34 0 30 99 167 189 199
a 320 34 34 14 70 96 138 154
a 321 34 34 28 50 103 170
a 322 34 34 82 123 175 183
a 323 34 34 76 87 125 150
a 324 34 34 12 92 183 196
a 325 34 34 83 111 137
a 326 34 34 42 140 197
a 327 34 34 39 60 76
a 328 34 34 11 58 59
a 329 34 34 80 109 152
a 330 34 34 55 59 141
a 331 34 34 57 114 132
a 332 34 34 98 112 167
a 333 34 34 32 103
a 334 34 34 38 86
a 335 34 34 116 129
a 336 35 35 38 121 133 170 174
a 337 35 35 75 162 173 180
a 338 35 35 15 33 143 194
a 339 35 35 3 5 88 99
a 340 35 35 106 176
a 341 35 35 78 91
a 342 36 36 7 9 52 72 95 103 136 149 166 179
a 343 36 36 5 19 31 59 105 121 130
a 344 36 36 16 50 52 76 86 137 164
a 345 36 36 2 29 110 127 151 171
a 346 36 36 8 16 33 70 126
a 347 36 36 11 65 103 193
a 348 36 36 41 61 115 184
a 349 36 36 9 72 134 154
a 350 36 36 148 149 160
a 351 36 36 152 162 166
a 352 36 36 91 150 159
a 353 36 36 14 35 116
a 354 36 36 1 24 132
a 355 36 36 37 73 174
a 356 36 36 87 184
a 357 36 36 72 102
a 358 37 37 15 31 41 49 73 114 121 192
a 359 37 37 55 132 133 138 158 181 194
a 360 37 37 37 44 49 93 101 181 189
a 361 37 37 48 62 107 137 158 176 195
a 362 37 37 4 25 34 70 95 96
a 363 37 37 25 80 87 94 141 176
a 364 37 37 65 96 99 181 188
a 365 37 37 69 92 145 164 184
a 366 37 37 7 39 155 187
a 367 37 37 22 67 134 169
a 368 37 37 49 108 119 122
a 369 37 37 5 33 65 167
a 370 37 37 19 51 68
a 371 37 37 30 32
a 372 37 37 92 99
a 373 37 37 18 176
a 374 37 37 107
a 375 38 38 56 59 62 77 97 116 117 145
a 376 38 38 36 42 61 68 85 125 128
a 377 38 38 35 41 146 166 168 176
a 378 38 38 14 25 157 165 184
a 379 38 38 5 31 76 127
a 380 38 38 0 4 45 81
a 381 38 38 55 79
a 382 38 38 17 183
a 383 38 38 108
a 384 39 39 76 104 163 168 174
a 385 39 39 30 45 93 167 172
a 386 39 39 68 80 99 179
a 387 39 39 183 186 189
a 388 39 39 19 66 146
a 389 39 39 79 162 186
a 390 39 39 7 30 42
a 391 39 39 19 43 52
a 392 39 39 17 30
a 393 39 39 107
a 394 40 40 21 77 109 127 157 195
a 395 40 40 53 78 130 175 178
a 396 40 40 9 78 148 196
a 397 40 40 81 90 191
a 398 40 40 137 175 195
a 399 40 40 72 165
a 400 40 40 61 66
a 401 41 41 41 51 86 88 149 179 186
a 402 41 41 12 69 72 89 102 121 186
a 403 41 41 0 78 106 117 122 194 199
a 404 41 41 3 12 61 77 118 157 164
a 405 41 41 5 57 84 141 190
a 406 41 41 3 46 91 132
a 407 41 41 7 115 195
a 408 41 41 53 93 157
a 409 41 41 0 59 87
a 410 41 41 54 72 116
a 411 41 41 5 87 187
a 412 41 41 73 95
a 413 41 41 136 199
a 414 41 41 81
a 415 42 42 15 25 69 72 83 90 124 150
a 416 42 42 37 74 136 154 156 170 174
a 417 42 42 7 27 29 72 143 181
a 418 42 42 1 20 123 157 181 191
a 419 42 42 79 144 145 161 182 195
a 420 42 42 33 47 53 66 96 165
a 421 42 42 31 86 93 107 109
a 422 42 42 1 40 139 156 169
a 423 42 42 19 71 76 90 154
a 424 42 42 61 62 67 134
a 425 42 42 64 75 79 175
a 426 42 42 16 64 116 150
a 427 42 42 94 124 143
a 428 42 42 6 11 102
a 429 42 42 60 189
a 430 42 42 32 88
a 431 42 42 53
a 432 42 42 0
a 433 43 43 2 14 19 32 36 47 48 120 140 162
a 434 43 43 11 19 35 43 79 102 149
a 435 43 43 73 85 94 106 153 180
a 436 43 43 15 69 83 90 173 186
a 437 43 43 11 45 103 104
a 438 43 43 65 89 165 187
a 439 43 43 8 55 57
a 440 43 43 20 33 150
a 441 43 43 23 147
a 442 43 43 99
a 443 44 44 1 7 18 21 89 113 118 152 163
a 444 44 44 49 110 127 172
a 445 44 44 2 24 97 101
a 446 44 44 3 50 91 99
a 447 44 44 1 19 39 153
a 448 44 44 22 26 116
a 449 44 44 50 97
a 450 45 45 49 80 87 92 109 135 138
a 451 45 45 0 63 66 67 106 139
a 452 45 45 74 79 96 126 148 171
a 453 45 45 21 40 86 134 164
a 454 45 45 14 104 146 168 191
a 455 45 45 9 67 70
a 456 45 45 44 72 82
a 457 45 45 68 71
a 458 45 45 115 128
a 459 45 45 42
a 460 46 46 13 21 40 53 105 144 158 170
a 461 46 46 22 48 52 104 124 181
a 462 46 46 3 33 70 96 108
a 463 46 46 69 72 91 99
a 464 46 46 86 90 112 164
a 465 46 46 55 70 177
a 466 46 46 16 110 144
a 467 46 46 103 108 150
a 468 46 46 35 92 165
a 469 46 46 69 109 147
a 470 46 46 24 56
a 471 46 46 45 91
a 472 46 46 8 154
a 473 46 46 62
a 474 47 47 69 94 108 129 157
a 475 47 47 19 141 179 198
a 476 47 47 6 31 77 115
a 477 47 47 47 151
a 478 48 48 15 52 126 129 139 174 193
a 479 48 48 34 74 82 96 99 167 197
a 480 48 48 42 45 86 89 186 195
a 481 48 48 12 74 118 149 174
a 482 48 48 137 152 163 188 199
a 483 48 48 10 39 89 101 194
a 484 48 48 37 48 179 187
a 485 48 48 23 33 60 89
a 486 48 48 35 55 123
a 487 48 48 9 11 17
a 488 48 48 37 79 164
a 489 48 48 39 107 121
a 490 48 48 0 126 168
a 491 48 48 40 129 180
a 492 48 48 142
a 493 48 48 164
a 494 49 49 157 175 180 195
a 495 49 49 56 60 61 73
a 496 49 49 31 37 87
a 497 49 49 39 48 57
a 498 49 49 33 181
a 499 49 49 97 151
a 500 50 50 59 97 124 132 153 177
a 501 50 50 18 38 72 81 158 178
a 502 50 50 74 107 138 146 195
a 503 50 50 8 96 149 155 186
a 504 50 50 11 41 142 169 188
a 505 50 50 109 112 116 131
a 506 50 50 26 86 185
a 507 50 50 20 33 105
a 508 50 50 101 114
a 509 50 50 30 158
a 510 50 50 2 171
a 511 50 50 92 94
a 512 51 51 23 26 82 113 117 133
a 513 51 51 86 92 132 133 180 187
a 514 51 51 23 55 86 89 181
a 515 51 51 14 17 34 137 168
a 516 51 51 75 84 150 169
a 517 51 51 62 105 125 165
a 518 51 51 30 36 192
a 519 51 51 8 40 54
a 520 51 51 45 72 164
a 521 51 51 54 126 139
a 522 51 51 9 51
a 523 51 51 26 182
a 524 51 51 136 139
a 525 52 52 20 43 68 71 72 100 137 198
a 526 52 52 8 15 16 25 75 98
a 527 52 52 21 75 95 127 164 191
a 528 52 52 33 142 143 148 184
a 529 52 52 20 34 155 165 193
a 530 52 52 30 72 117 119 131
a 531 52 52 17 20 22 122
a 532 52 52 56 77 154
a 533 52 52 50 54 163
a 534 53 53 6 7 10 99 172 181 182 195
a 535 53 53 9 80 104 107 109
a 536 53 53 36 44 93 175 188
a 537 53 53 17 42 44 49 144
a 538 53 53 16 43 49 54
a 539 53 53 14 83 142 147
a 540 53 53 62 78 184
a 541 53 53 3 126
a 542 53 53 61
a 543 54 54 16 32 45 67 86 125 134
a 544 54 54 20 43 63 112 161 165 199
a 545 54 54 63 71 87 162 190
a 546 54 54 89 92 118 140 149
a 547 54 54 44 50 73 174 182
a 548 54 54 29 72 77 171 179
a 549 54 54 77 83 105 107
a 550 54 54 68 96 169 183
a 551 54 54 60 108 109 114
a 552 54 54 70 76 94 161
a 553 54 54 54 77 149 186
a 554 54 54 103 129 189
a 555 54 54 59 166
a 556 54 54 6
a 557 55 55 29 33 82 141 153 159 175
a 558 55 55 25 58 64 187 195
a 559 55 55 11 16 116 152 153
a 560 55 55 16 75 114 157 189
a 561 55 55 11 24 34 51 132
a 562 55 55 14 18 21 182
a 563 55 55 53 137 171 186
a 564 55 55 135 160 191 194
a 565 55 55 54 97 195
a 566 55 55 58 156
a 567 56 56 10 13 17 19 81 102 115 169
a 568 56 56 7 40 64 118 181
a 569 56 56 145 164 165 174
a 570 56 56 29 84 115 127
a 571 56 56 37 79 126 167
a 572 56 56 74 159 173 178
a 573 56 56 111 141 162
a 574 56 56 7 68 80
a 575 56 56 43 59 145
a 576 56 56 13 154
a 577 57 57 28 47 93 119 149 171 194
a 578 57 57 60 112 116 147 155 163
a 579 57 57 26 59 110 163 168 195
a 580 57 57 6 95 104 111 120
a 581 57 57 94 121 162 168 197
a 582 57 57 32 35 161 196
a 583 57 57 66 130 138 144
a 584 57 57 66 153 172
a 585 57 57 30 142 150
a 586 57 57 0 2 186
a 587 57 57 154 180 184
a 588 57 57 57 129 192
a 589 58 58 8 23 40 84 129 196
a 590 58 58 75 82 86 87 118 134
a 591 58 58 31 77 82 102 188
a 592 58 58 122 134 144 152 157
a 593 58 58 23 77 107 135 172
a 594 58 58 29 33 39 148
a 595 58 58 45 72 83 162
a 596 58 58 98 107 189
a 597 58 58 105 110 197
a 598 58 58 39 103
a 599 58 58 87 161
a 600 58 58 86 152
a 601 59 59 17 51 56 69 105 193
a 602 59 59 4 8 89 169 175
a 603 59 59 14 66 67 167 198
a 604 59 59 13 20 35 98 167
a 605 59 59 70 145 149 166 170
a 606 59 59 140 147 196 198
a 607 59 59 11 40 96
a 608 59 59 128 148 160
a 609 59 59 80 130 197
a 610 59 59 126 128 136
a 611 59 59 1 59 101
a 612 59 59 10 177
a 613 59 59 118
a 614 59 59 184
a 615 60 60 14 30 59 80 94 107 143 186
a 616 60 60 54 92 99 122 180
a 617 60 60 16 94 124 197 199
a 618 60 60 19 28 47 107 149
a 619 60 60 67 130 132 180
a 620 60 60 10 94 108
a 621 60 60 50 159 163
a 622 60 60 23 90 183
a 623 60 60 53 91 182
a 624 60 60 1 105
a 625 60 60 15 53
a 626 60 60 55 194
a 627 60 60 46 192
a 628 61 61 25 26 46 73 84 117 126 153
a 629 61 61 10 48 54 55 75 128 137
a 630 61 61 7 13 31 45 60 149
a 631 61 61 7 67 163 181 197
a 632 61 61 36 61 94 110 181
a 633 61 61 4 151 161 182
a 634 61 61 92 148 179 199
a 635 61 61 27 32 91 119
a 636 61 61 22 174 190
a 637 61 61 52 76 87
a 638 61 61 0 45 89
a 639 61 61 28
a 640 62 62 52 74 109 139 169 172 193
a 641 62 62 30 58 94
a 642 62 62 6 77 85
a 643 62 62 24 33 80
a 644 62 62 136 167
a 645 62 62 19 28
a 646 62 62 138 164
a 647 62 62 127
a 648 63 63 21 27 30 35 42 47 102
a 649 63 63 31 71 99 113 119 146 194
a 650 63 63 35 50 62 75 137 170
a 651 63 63 10 55 59 78 189
a 652 63 63 17 81 146 167 196
a 653 63 63 99 103 142 151
a 654 63 63 12 64 121
a 655 64 64 12 55 67 69 82 96 106
a 656 64 64 4 38 66 68 75 133
a 657 64 64 20 57 61 81 145
a 658 64 64 17 19 83 91 146
a 659 64 64 41 44 90 136 197
a 660 64 64 52 70 99 157
a 661 64 64 3 7 86 110
a 662 64 64 22 56 126
a 663 64 64 49 196
a 664 65 65 9 23 150 153 178 181
a 665 65 65 44 92 153 178 182
a 666 65 65 14 17 86 164 197
a 667 65 65 66 76 97 138
a 668 65 65 98 118 143 165
a 669 65 65 54 198
a 670 65 65 77 121
a 671 66 66 49 54 97 98 119 178 183 186 197
a 672 66 66 58 78 104 124 150 161 171 180
a 673 66 66 23 43 65 114 117 161
a 674 66 66 26 126 139 150 152 182
a 675 66 66 19 63 85 118 128
a 676 66 66 1 46 156 180 198
a 677 66 66 51 81 110 147
a 678 66 66 70 172 181
a 679 66 66 47 103 193
a 680 66 66 22 116 183
a 681 66 66 6 93
a 682 67 67 37 38 49 102 105 116 128 154 159
a 683 67 67 40 111 121 145 152 162
a 684 67 67 1 12 32 92 142 163
a 685 67 67 34 35 110 180 181
a 686 67 67 16 33 68 116 170
a 687 67 67 1 24 59 122 161
a 688 67 67 10 17 36 88 141
a 689 67 67 52 55 76 105
a 690 67 67 46 78 83 132
a 691 67 67 98 118 171 181
a 692 67 67 24 56 164 181
a 693 67 67 17 137 141
a 694 67 67 32 74 127
a 695 67 67 34 111 112
a 696 67 67 50 119 192
a 697 67 67 99 122
a 698 67 67 116 118
a 699 67 67 38 109
a 700 68 68 17 19 38 45 121 192
a 701 68 68 5 17 49 89 169
a 702 68 68 90 101 123 199
a 703 68 68 5 92 119 187
a 704 68 68 7 51 166
a 705 68 68 167 177
a 706 69 69 1 12 41 55 70 99 106
a 707 69 69 63 85 103 190 199
a 708 69 69 76 114 116 180
a 709 69 69 45 153 166
a 710 69 69 70 128 191
a 711 69 69 91 149 193
a 712 69 69 41 100
a 713 69 69 189 196
a 714 70 70 20 97 151 170 187
a 715 70 70 18 40 154 176
a 716 70 70 47 92
a 717 70 70 120
a 718 71 71 2 11 38 98 134 142 146 186
a 719 71 71 52 94 108 135
a 720 71 71 49 51 106 139
a 721 71 71 33 67 151
a 722 71 71 31 115 194
a 723 71 71 28 81 112
a 724 71 71 48 114 187
a 725 71 71 27 45 130
a 726 71 71 100 112
a 727 71 71 131 195
a 728 71 71 56 160
a 729 71 71 32 183
a 730 71 71 12 20
a 731 72 72 38 47 51 59 77 104
a 732 72 72 34 70 94 141 161 169
a 733 72 72 11 49 58 59 129
a 734 72 72 44 85 109 135 181
a 735 72 72 61 96 123 182
a 736 72 72 169 183 187 194
a 737 72 72 59 68 103 199
a 738 72 72 54 65 67 166
a 739 72 72 111 135 139 170
a 740 72 72 56 138
a 741 72 72 109
a 742 73 73 24 43 73 78 146 162 163
a 743 73 73 42 79 107
a 744 73 73 5 161
a 745 74 74 2 46 56 77 133
a 746 74 74 7 71 131 189
a 747 74 74 3 92 108 142
a 748 74 74 59 66 114
a 749 74 74 136
a 750 75 75 79 94 95 106 143 183
a 751 75 75 19 38 45 98 129
a 752 75 75 2 26 36 164
a 753 75 75 27 52 55 73
a 754 75 75 77 105 123 172
a 755 75 75 42 123 155 158
a 756 75 75 1 153 193
a 757 75 75 68 71 199
a 758 75 75 58 133 177
a 759 75 75 34 50 167
a 760 75 75 11 62
a 761 75 75 38 99
a 762 76 76 8 46 165 170 171 177
a 763 76 76 73 115 118 123 163
a 764 76 76 71 87 154 161 172
a 765 76 76 9 103 120 178
a 766 76 76 5 75 136
a 767 76 76 80 148 191
a 768 76 76 26 44 198
a 769 76 76 7 59 111
a 770 76 76 65
a 771 77 77 26 115 117 118 138 183
a 772 77 77 7 72 94 126 171 199
a 773 77 77 10 55 85 95 131 138
a 774 77 77 7 9 37 156 199
a 775 77 77 23 49 104 146
a 776 77 77 64 93 99
a 777 77 77 39 42 98
a 778 77 77 42 64
a 779 77 77 139 164
a 780 78 78 96 101 109 130 166 188
a 781 78 78 39 51 57 103 178
a 782 78 78 51 96 164 193
a 783 78 78 88 90 93 181
a 784 78 78 94 108 119 152
a 785 78 78 23 80 161 167
a 786 78 78 70 134
a 787 79 79 2 11 175 182 194
a 788 79 79 47 81 172 180
a 789 79 79 109 127 151 190
a 790 79 79 13 14 51 62
a 791 79 79 42 58 70
a 792 79 79 81 86 165
a 793 79 79 30 44 186
a 794 79 79 149 154
a 795 79 79 6 77
a 796 80 80 50 74 76 113 194
a 797 80 80 44 52 65 133
a 798 80 80 6 72 150 165
a 799 80 80 48 140 168 182
a 800 80 80 4 6 73 179
a 801 80 80 18 53 63 183
a 802 80 80 7 15 194
a 803 80 80 11 27 119
a 804 80 80 70 158
a 805 81 81 22 26 34 38 90 163 177 185 198
a 806 81 81 26 153 174 198
a 807 81 81 111 118 144
a 808 81 81 89 129 180
a 809 81 81 164 170 177
a 810 81 81 18 124 150
a 811 81 81 13 177
a 812 81 81 33 55
a 813 81 81 23 112
a 814 81 81 120
a 815 82 82 118 152 177 196
a 816 82 82 61 62 119 175
a 817 82 82 13 25 47 108
a 818 82 82 14 32 146
a 819 82 82 65 85 100
a 820 82 82 131 159
a 821 82 82 101 162
a 822 83 83 20 46 72 102 187
a 823 83 83 18 34 59 77 154
a 824 83 83 18 63 68 95 128
a 825 83 83 21 34 70 164
a 826 83 83 56 116 133 184
a 827 83 83 11 128 169
a 828 83 83 33 82 155
a 829 83 83 92 142 143
a 830 83 83 82 95 152
a 831 83 83 29 122
a 832 83 83 145 186
a 833 83 83 93
a 834 84 84 26 39 53 62 67 186 188
a 835 84 84 13 43 50 168 196
a 836 84 84 53 152 154 199
a 837 84 84 65 69 173
a 838 84 84 84 96 146
a 839 85 85 20 29 43 51 52 76 117
a 840 85 85 16 34 73 106 169
a 841 85 85 52 75 91 123 184
a 842 85 85 12 41 46 77 136
a 843 85 85 0 1 20 162
a 844 85 85 87 89 95 104
a 845 85 85 96 99 112 117
a 846 85 85 9 38 64
a 847 85 85 123 126 159
a 848 85 85 41 161
a 849 85 85 122 151
a 850 85 85 46
a 851 86 86 9 14 54 64 70 83 90 182
a 852 86 86 25 78 106 131 153 164
a 853 86 86 14 26 59 97 138
a 854 86 86 0 25 139 194 197
a 855 86 86 7 50 59 82 143
a 856 86 86 19 115 116 138 189
a 857 86 86 53 55 170
a 858 86 86 96 163 189
a 859 86 86 29 30 57
a 860 86 86 22 72
a 861 87 87 4 39 51 125 133 134 182 191
a 862 87 87 16 37 63 74 98 102 112
a 863 87 87 7 19 69 113 155 174
a 864 87 87 32 49 56 77 98 144
a 865 87 87 6 59 104 139 144 172
a 866 87 87 11 14 56 58 69 87
a 867 87 87 68 83 87 138 157
a 868 87 87 10 73 143 186
a 869 87 87 76 95 116 146
a 870 87 87 9 11 92 120
a 871 87 87 23 115 130
a 872 87 87 91 107 177
a 873 87 87 9 109 179
a 874 87 87 67 143
a 875 88 88 70 96 137 144 146 151 178
a 876 88 88 9 82 106 190
a 877 88 88 23 44 184 194
a 878 88 88 97 129 169
a 879 88 88 6 27 151
a 880 88 88 20 115 146
a 881 88 88 93 160
a 882 88 88 110 177
a 883 89 89 8 69 84 101 123 155 192
a 884 89 89 17 46 56 71 167 191
a 885 89 89 4 17 26 80 148 149
a 886 89 89 22 56 82 146 174
a 887 89 89 36 147 169 187
a 888 89 89 45 107 137 159
a 889 89 89 23 130
a 890 89 89 32 152
a 891 89 89 99
a 892 90 90 32 37 68 109 116 148 183
a 893 90 90 12 83 131 136 199
a 894 90 90 8 41 83 91 119
a 895 90 90 89 109 117 151 182
a 896 90 90 43 70 140
a 897 90 90 23 150 179
a 898 91 91 31 61 138 155
a 899 91 91 27 31 74 151
a 900 91 91 61 78 150
a 901 91 91 84 155 165
a 902 91 91 74 181 190
a 903 91 91 30 166 175
a 904 91 91 16 27 28
a 905 91 91 51 175
a 906 91 91 50 98
a 907 92 92 6 34 53 68 72 81
a 908 92 92 15 79 83 112 126 191
a 909 92 92 5 7 135 143 146
a 910 92 92 78 105 106 141 185
a 911 92 92 74 107 153 160
a 912 92 92 134 135 155 185
a 913 92 92 5 55 121 166
a 914 92 92 28 85 90 195
a 915 92 92 50 52 168
a 916 92 92 77 155 197
a 917 92 92 59 60
a 918 92 92 18 174
a 919 93 93 3 48 84 128 141 166 181
a 920 93 93 34 74 91 115 123 146 187
a 921 93 93 63 68 90 139 157
a 922 93 93 2 36 65 71 161
a 923 93 93 78 95 122 134 143
a 924 93 93 117 154 168 174
a 925 93 93 84 114 156 162
a 926 93 93 66 78 82 166
a 927 93 93 107 116
a 928 93 93 14
a 929 94 94 22 42 106 114 131 177 179
a 930 94 94 36 47 102 115 168
a 931 94 94 11 40 118 135 139
a 932 94 94 104 108 116 125 198
a 933 94 94 46 85 106 194
a 934 94 94 0 56 79 185
a 935 94 94 18 116 179 184
a 936 94 94 41 55 122 168
a 937 94 94 12 99 192
a 938 94 94 8 38 125
a 939 94 94 38 41 131
a 940 94 94 115 123
a 941 94 94 130 157
a 942 94 94 17 170
a 943 94 94 68
a 944 95 95 69 91 115 146 150 198
a 945 95 95 42 55 67 91 135 155
a 946 95 95 36 65 138 146 163 196
a 947 95 95 1 57 82 177 184
a 948 95 95 35 113 151 160 163
a 949 95 95 4 58 111 146 154
a 950 95 95 1 7 16 37 61
a 951 95 95 12 45 147 150
a 952 95 95 46 87 125
a 953 95 95 109 161 170
a 954 95 95 113 179 183
a 955 96 96 20 28 113 119 122
a 956 96 96 2 92 94 175 187
a 957 96 96 43 67 86 131 169
a 958 96 96 9 54 105 112
a 959 96 96 34 60 79 106
a 960 96 96 108 155 165 172
a 961 96 96 112 127 187
a 962 96 96 13 102
a 963 96 96 18 59
a 964 96 96 46 86
a 965 96 96 3 54
a 966 96 96 39
a 967 97 97 27 51 63 77 86 108 174
a 968 97 97 52 91 106 124 127 165
a 969 97 97 0 18 57 107 115 191
a 970 97 97 15 67 69 129 156 186
a 971 97 97 60 82 124 141 150
a 972 97 97 49 84 150 157
a 973 97 97 123 193
a 974 98 98 2 11 49 53 86 123 178
a 975 98 98 7 28 68 79 108 147 165
a 976 98 98 44 47 73 126 129 140
a 977 98 98 26 71 125 141 199
a 978 98 98 78 137 138
a 979 98 98 140 146 155
a 980 98 98 68 185
a 981 99 99 6 25 47 59 100 109 189
a 982 99 99 15 21 61 67 155
a 983 99 99 19 167 171 176
a 984 99 99 56 76 188 198
a 985 99 99 47 54 81 141
a 986 99 99 3 9 117
a 987 99 99 181 197
a 988 99 99 107 179
a 989 99 99 28 113
a 990 99 99 49 186
a 991 99 99 12
a 992 100 100 4 18 58 80 93 117 122 190 196
a 993 100 100 53 91 121 129 141 194 195
a 994 100 100 32 56 70 74 85 121 197
a 995 100 100 9 32 49 124 139 170 196
a 996 100 100 7 34 102 104 113 145
a 997 100 100 38 101 115 164 169
a 998 100 100 65 71 180
a 999 100 100 9 67 134
s 0 1
s 1 1
s 2 1
s 3 1
s 4 1
s 5 1
s 6 1
s 7 1
s 8 1
s 9 1
s 10 1
s 11 1
s 12 1
s 13 1
s 14 1
s 15 1
s 16 1
s 17 1
s 18 1
s 19 1
s 20 1
s 21 1
s 22 1
s 23 1
s 24 1
s 25 1
s 26 1
s 27 1
s 28 1
s 29 1
s 30 1
s 31 1
s 32 1
s 33 1
s 34 1
s 35 1
s 36 1
s 37 1
s 38 1
s 39 1
s 40 1
s 41 1
s 42 1
s 43 1
s 44 1
s 45 1
s 46 1
s 47 1
s 48 1
s 49 1
s 50 1
s 51 1
s 52 1
s 53 1
s 54 1
s 55 1
s 56 1
s 57 1
s 58 1
s 59 1
s 60 1
s 61 1
s 62 1
s 63 1
s 64 1
s 65 1
s 66 1
s 67 1
s 68 1
s 69 1
s 70 1
s 71 1
s 72 1
s 73 1
s 74 1
s 75 1
s 76 1
s 77 1
s 78 1
s 79 1
s 80 1
s 81 1
s 82 1
s 83 1
s 84 1
s 85 1
s 86 1
s 87 1
s 88 1
s 89 1
s 90 1
s 91 1
s 92 1
s 93 1
s 94 1
s 95 1
s 96 1
s 97 1
s 98 1
s 99 1
s 100 1
s 101 1
s 102 1
s 103 1
s 104 1
s 105 1
s 106 1
s 107 1
s 108 1
s 109 1
s 110 1
s 111 1
s 112 1
s 113 1
s 114 1
s 115 1
s 116 1
s 117 1
s 118 1
s 119 1
s 120 1
s 121 1
s 122 1
s 123 1
s 124 1
s 125 1
s 126 1
s 127 1
s 128 1
s 129 1
s 130 1
s 131 1
s 132 1
s 133 1
s 134 1
s 135 1
s 136 1
s 137 1
s 138 1
s 139 1
s 140 1
s 141 1
s 142 1
s 143 1
s 144 1
s 145 1
s 146 1
s 147 1
s 148 1
s 149 1
s 150 1
s 151 1
s 152 1
s 153 1
s 154 1
s 155 1
s 156 1
s 157 1
s 158 1
s 159 1
s 160 1
s 161 1
s 162 1
s 163 1
s 164 1
s 165 1
s 166 1
s 167 1
s 168 1
s 169 1
s 170 1
s 171 1
s 172 1
s 173 1
s 174 1
s 175 1
s 176 1
s 177 1
s 178 1
s 179 1
s 180 1
s 181 1
s 182 1
s 183 1
s 184 1
s 185 1
s 186 1
s 187 1
s 188 1
s 189 1
s 190 1
s 191 1
s 192 1
s 193 1
s 194 1
s 195 1
s 196 1
s 197 1
s 198 1
s 199 1
