p 1000 200
a 0 1 1 10 68 146 154 176 186 195
a 1 1 1 23 33 99 143 178 195
a 2 1 1 62 98 130 137 155 164
a 3 1 1 83 161 163 169 177
a 4 1 1 86 115 138 145 154
a 5 1 1 3 11 62 125 167
a 6 1 1 54 111 122 184
a 7 1 1 53 154 177
a 8 1 1 67 113 121
a 9 1 1 17 73
a 10 1 1 126 130
a 11 1 1 161
a 12 2 2 34 35 50 64 111 132 141
a 13 2 2 28 154 186 192
a 14 2 2 69 136 141
a 15 2 2 120 124 141
a 16 3 3 2 21 30 58 99 141
a 17 3 3 82 119 141 143 191
a 18 3 3 16 113
a 19 3 3 33 135
a 20 4 4 42 97 142 145 155 157 167 177 181
a 21 4 4 43 57 59 114 149 152 163 164
a 22 4 4 13 29 131 139 166 174 176
a 23 4 4 2 9 12 43 69 138
a 24 4 4 97 112 137 150 179 189
a 25 4 4 64 70 122 137
a 26 4 4 31 138 169
a 27 4 4 11 113 171
a 28 4 4 53 98
a 29 4 4 7 151
a 30 4 4 10 155
a 31 5 5 10 13 23 107 153 155 175 194 195
a 32 5 5 93 120 147 149 153 181
a 33 5 5 35 58 114 122 127 173
a 34 5 5 27 39 154 190 196
a 35 5 5 27 85 88 172
a 36 5 5 13 108 134 150
a 37 5 5 99 158 176 183
a 38 5 5 7 25 68
a 39 5 5 119 145 191
a 40 5 5 110 146
a 41 5 5 44
a 42 6 6 19 53 55 58 61 96 161 192
a 43 6 6 29 37 51 55 121 159
a 44 6 6 22 94 113 132 153 199
a 45 6 6 4 80 112 164 179
a 46 6 6 14 43 51 172 187
a 47 6 6 0 36 37 72
a 48 6 6 30 106 157 164
a 49 6 6 137 162 193
a 50 6 6 37 128 143
a 51 6 6 34 82 176
a 52 6 6 20 34 170
a 53 6 6 0 105 168
a 54 6 6 4 13 155
a 55 6 6 71
a 56 7 7 11 35 94 95 117 123 161
a 57 7 7 52 137 164 191
a 58 7 7 58 81 83 176
a 59 7 7 42 127 135
a 60 7 7 34 63 127
a 61 7 7 25 69 102
a 62 8 8 72 106 143 147 159 163 173
a 63 8 8 9 41 87 137 143 152
a 64 8 8 37 40 46 89 185 188
a 65 8 8 9 74 160 173 178
a 66 8 8 7 20 87 114 179
a 67 8 8 12 14 25 40 197
a 68 8 8 30 145 170 198
a 69 8 8 36 47 145 190
a 70 8 8 57 61 68 127
a 71 8 8 68 132 150
a 72 8 8 9 71 99
a 73 9 9 6 41 72 92 160 166 182
a 74 9 9 10 38 53 66 123 143
a 75 9 9 5 82 96 110 176
a 76 9 9 16 79 117 119 142
a 77 9 9 75 91 134 150 180
a 78 9 9 5 24 135 152
a 79 9 9 7 171 187 194
a 80 9 9 94 136 146
a 81 9 9 45 76
a 82 9 9 78 190
a 83 9 9 59
a 84 10 10 8 22 87 88 103 134 171
a 85 10 10 4 24 57 91 132
a 86 10 10 157 165 175 187
a 87 10 10 64 125 130 143
a 88 10 10 28 83 115 132
a 89 10 10 14 57 119
a 90 10 10 17 83 103
a 91 10 10 102 168 193
a 92 10 10 91 155
a 93 10 10 27 36
a 94 11 11 15 32 45 48 89 108 183 186
a 95 11 11 89 109 116 133 155 159
a 96 11 11 35 81 115 160 172 173
a 97 11 11 28 58 97 133 141
a 98 11 11 5 24 93 176
a 99 11 11 19 44 48 133
a 100 12 12 23 32 34 92 114 151 177 196
a 101 12 12 31 32 46 50 51 161
a 102 12 12 7 20 69 132 141
a 103 12 12 20 32 103 116 178
a 104 12 12 102 113 128 144 177
a 105 12 12 21 25 136 147 177
a 106 12 12 42 48 118 145
a 107 12 12 58 93 112 142
a 108 12 12 43 68 172
a 109 12 12 8 49
a 110 12 12 19 166
a 111 13 13 22 26 62 96 100
a 112 13 13 16 34 105 130 157
a 113 13 13 15 45 67 69 97
a 114 13 13 33 46 62 192
a 115 13 13 56 156
a 116 13 13 62
a 117 14 14 9 18 30 38 84 164 176
a 118 14 14 16 40 165 170
a 119 14 14 13 82 166 197
a 120 14 14 21 72 79 89
a 121 14 14 15 39 67 189
a 122 14 14 54 85 148 197
a 123 14 14 131 146 152 162
a 124 14 14 41 60 78
a 125 14 14 24 80 187
a 126 15 15 43 46 71 76 78 119 177 186
a 127 15 15 40 58 75 83 96 107 163
a 128 15 15 43 61 135 168 188
a 129 15 15 3 22 25 124 145
a 130 15 15 101 110 126 128
a 131 15 15 9 89 110 136
a 132 15 15 126 135 165
a 133 15 15 8 115
a 134 15 15 109 150
a 135 15 15 17 33
a 136 15 15 1 123
a 137 16 16 13 72 97 138 150 158 168 194
a 138 16 16 11 52 69 101 116 118 167
a 139 16 16 0 4 23 166 185 197
a 140 16 16 66 76 103 167 178 198
a 141 16 16 12 45 86 137 165 196
a 142 16 16 28 45 59 75 79 182
a 143 16 16 139 155 170 181 197
a 144 16 16 4 79 96 128 144
a 145 16 16 142 150 157 160 164
a 146 16 16 97 115 132 177
a 147 16 16 12 22 51 91
a 148 16 16 28 147 158
a 149 16 16 44 85 175
a 150 16 16 75 115 196
a 151 16 16 34 114
a 152 16 16 106 186
a 153 16 16 187
a 154 17 17 3 10 27 53 133 138 139
a 155 17 17 20 94 132 137 146 196
a 156 17 17 4 25 109 130 139
a 157 17 17 14 33 72 109 149
a 158 17 17 6 14 64 94 146
a 159 17 17 19 28 41 99 116
a 160 17 17 55 101 121 140
a 161 17 17 25 27 140
a 162 17 17 16 76
a 163 17 17 118 181
a 164 17 17 117
a 165 18 18 14 36 91 170 180 186 194
a 166 18 18 42 139 150 156 179
a 167 18 18 14 104 117 152 158
a 168 18 18 76 103 144 171
a 169 18 18 13 29 37 87
a 170 18 18 61 65 106 148
a 171 18 18 74 91 141
a 172 18 18 44 87 101
a 173 18 18 24 34 199
a 174 19 19 7 29 90 97 166 173 174
a 175 19 19 92 107 142 186
a 176 19 19 118 123 153 154
a 177 19 19 65 79 125 175
a 178 19 19 8 17 20 165
a 179 19 19 102 156
a 180 20 20 27 40 45 63 73 99 121
a 181 20 20 37 54 85 161 172
a 182 20 20 7 19 48 116
a 183 20 20 27 56 85
a 184 20 20 20 88
a 185 21 21 7 12 22 35 40 50 70 97
a 186 21 21 45 58 76 94 112 169 184
a 187 21 21 15 17 54 95 129
a 188 21 21 45 46 183 192
a 189 21 21 5 7 92
a 190 21 21 161
a 191 22 22 61 71 115 123 125 132 143 148
a 192 22 22 5 33 61 73 104 109 182
a 193 22 22 63 100 158 177 178 189
a 194 22 22 58 66 75 76 113 160
a 195 22 22 48 87 88 105 167
a 196 22 22 35 57 79 104
a 197 22 22 58 70 139
a 198 22 22 29 164 199
a 199 22 22 26 78 165
a 200 22 22 73 119
a 201 22 22 22 52
a 202 22 22 79
a 203 23 23 11 48 55 147 165 172 174 175
a 204 23 23 39 58 111 121 143
a 205 23 23 9 158 164
a 206 23 23 46 196
a 207 24 24 24 26 110 119 129 138 147 150
a 208 24 24 72 96 99 147 169 183
a 209 24 24 128 139 168 174 182 195
a 210 24 24 64 71 123 133 142
a 211 24 24 35 61 108 139 144
a 212 24 24 1 5 57 115 175
a 213 24 24 19 34 73 82
a 214 24 24 6 35 126 159
a 215 24 24 43 47 48 190
a 216 24 24 100 121 176 198
a 217 24 24 50 129 180 196
a 218 24 24 23 26 106
a 219 24 24 116 128
a 220 24 24 109 147
a 221 24 24 33 172
a 222 24 24 148 189
a 223 24 24 36 179
a 224 24 24 36 102
a 225 25 25 6 55 105 123 128 168 186
a 226 25 25 30 74 110 155 175
a 227 25 25 6 69 100 140 176
a 228 25 25 11 115 142 147 166
a 229 25 25 63 76 127 170 196
a 230 25 25 18 96 119 182
a 231 25 25 27 112 152
a 232 25 25 38 48
a 233 26 26 56 86 120 125 137 144 162 166 178 182
a 234 26 26 20 41 52 128 133 146
a 235 26 26 8 26 49 123 131 140
a 236 26 26 12 13 57 85
a 237 26 26 40 113 198
a 238 26 26 3 70 102
a 239 26 26 130 186
a 240 26 26 131 136
a 241 26 26 117 186
a 242 26 26 144
a 243 27 27 39 51 53 70 105 159
a 244 27 27 25 80 131 148 169
a 245 27 27 56 104 133 167 187
a 246 27 27 18 80 96 139
a 247 27 27 76 94 124 129
a 248 27 27 55 93 133 156
a 249 27 27 88 113 146
a 250 27 27 46 62 117
a 251 27 27 37 50 73
a 252 27 27 105 172 189
a 253 27 27 93 134 140
a 254 27 27 7 127 147
a 255 27 27 138 167
a 256 27 27 95
a 257 27 27 198
a 258 27 27 42
a 259 28 28 30 70 71 107 136 153 183
a 260 28 28 37 74 118 149 174 187
a 261 28 28 6 25 102 113 123
a 262 28 28 16 27 76 135
a 263 28 28 49 131 168 170
a 264 28 28 9 85
a 265 28 28 23
a 266 29 29 3 13 62 66 104 117 121 123
a 267 29 29 71 73 85 148 193
a 268 29 29 36 97 108 154 156
a 269 29 29 85 129 140 145 183
a 270 29 29 12 15 116 165 187
a 271 29 29 25 57 116 149
a 272 29 29 34 59 84 128
a 273 29 29 35 37 120 166
a 274 29 29 25 39 148 191
a 275 29 29 42 90 127
a 276 29 29 43 141
a 277 29 29 49 82
a 278 29 29 77 94
a 279 30 30 17 65 85 128 150 191
a 280 30 30 10 22 24 32 74 121
a 281 30 30 17 63 152 156 159
a 282 30 30 50 122 135 169
a 283 30 30 112 128 167 186
a 284 30 30 51 113 126 145
a 285 30 30 70 120
a 286 30 30 48 112
a 287 30 30 101 196
a 288 30 30 138
a 289 30 30 39
a 290 31 31 30 60 131 132 192
a 291 31 31 21 54 111 158 167
a 292 31 31 52 94 142 177
a 293 31 31 33 96 182 185
a 294 31 31 61 102 185
a 295 31 31 1 28 72
a 296 31 31 106 134 162
a 297 31 31 69 91 133
a 298 31 31 149 198
a 299 31 31 5 99
a 300 32 32 33 52 94 111 177
a 301 32 32 6 56 96 130 193
a 302 32 32 9 18 120 126 180
a 303 32 32 13 163 164 183
a 304 32 32 39 45 127 150
a 305 32 32 39 40 128
a 306 32 32 25 51 90
a 307 32 32 18 44 86
a 308 32 32 17 53 107
a 309 32 32 32 58 154
a 310 32 32 50 73 129
a 311 32 32 68 128 146
a 312 33 33 13 54 69 91 175 178
a 313 33 33 14 45 129 136 161
a 314 33 33 56 89 138 173
a 315 33 33 40 164 175 179
a 316 33 33 84 172 175 188
a 317 33 33 56 86 106
a 318 33 33 18 44 131
a 319 34 34 4 35 60 116 182 196
a 320 34 34 12 15 24 73 130
a 321 34 34 2 28 59 138 153
a 322 34 34 24 46 58 74 185
a 323 34 34 46 109 163 184
a 324 34 34 17 33 69 164
a 325 34 34 4 123 150 166
a 326 34 34 23 40 81 89
a 327 34 34 6 10 78
a 328 34 34 49 129 177
a 329 34 34 112 133 167
a 330 34 34 60 147
a 331 34 34 24
a 332 35 35 34 39 53 65 186
a 333 35 35 31 78 135 137
a 334 35 35 0 58 96 103
a 335 35 35 25 81
a 336 35 35 17 32
a 337 35 35 36 118
a 338 35 35 21 95
a 339 35 35 14
a 340 36 36 6 40 108 130 139 157 188
a 341 36 36 49 93 116 119 188
a 342 36 36 36 99 129 140
a 343 36 36 2 52 120 161
a 344 36 36 11 47 64 173
a 345 36 36 74 83 98
a 346 36 36 46 102
a 347 36 36 129 148
a 348 36 36 14
a 349 37 37 31 52 61 74 75 76 172
a 350 37 37 32 126 127 157 171 185
a 351 37 37 19 39 68 97 117
a 352 37 37 38 39 97 140 175
a 353 37 37 34 57 117 121
a 354 37 37 28 55 133
a 355 37 37 40 154 159
a 356 37 37 33 86 111
a 357 37 37 46 59 79
a 358 37 37 34 98 109
a 359 37 37 35 89
a 360 37 37 30 153
a 361 38 38 20 88 98 103 119 121 193
a 362 38 38 64 100 149 195
a 363 38 38 85 119 120
a 364 38 38 50 67 188
a 365 38 38 23 118 131
a 366 38 38 72 118
a 367 39 39 9 19 27 146 147 188 191
a 368 39 39 57 100 101 112
a 369 39 39 4 81 83 165
a 370 39 39 4 12 43 198
a 371 39 39 157 158 192
a 372 39 39 112 134 175
a 373 39 39 16 66
a 374 40 40 50 64 116 150 168 180 184
a 375 40 40 12 69 88 102 165
a 376 40 40 54 61 64 167
a 377 40 40 24 97 145 174
a 378 41 41 55 115 120 139 143 190
a 379 41 41 27 50 76 111 173 199
a 380 41 41 83 130 137 147 148
a 381 41 41 82 124 167 199
a 382 41 41 43 75 123 176
a 383 41 41 92 95 104
a 384 41 41 135 149 151
a 385 41 41 24 196
a 386 41 41 171
a 387 42 42 11 46 54 66 68 95 130
a 388 42 42 5 68 115 131 164 191
a 389 42 42 18 117 167 196
a 390 42 42 17 42 178
a 391 42 42 69
a 392 43 43 10 23 72 73 78 132 145 197
a 393 43 43 7 50 60 61 111 115 175
a 394 43 43 15 42 51 90 115 155
a 395 43 43 1 30 57 167 192
a 396 43 43 18 38 120 134 150
a 397 43 43 4 45 48 93 184
a 398 43 43 37 48 83
a 399 43 43 53 61 104
a 400 43 43 40 61 176
a 401 43 43 121 141
a 402 43 43 135
a 403 44 44 2 38 79 127 196
a 404 44 44 31 57 154 157
a 405 44 44 10 27 62 193
a 406 44 44 103 134 149 181
a 407 44 44 72 79 91 136
a 408 44 44 41 101 125
a 409 44 44 45 156 171
a 410 44 44 100 137 152
a 411 44 44 67 72 174
a 412 45 45 43 50 64 120 122 134 143 193
a 413 45 45 73 76 93 96 119 123 133 141
a 414 45 45 36 49 69 111 133 190
a 415 45 45 55 99 104 170 171 182
a 416 45 45 22 25 37 104 105
a 417 45 45 0 4 31 134 165
a 418 45 45 5 50 84 103 156
a 419 45 45 50 52 58 112 199
a 420 45 45 117 118 126 169
a 421 45 45 12 93 149 191
a 422 45 45 76 173 192
a 423 45 45 101 131 178
a 424 45 45 130 193
a 425 46 46 41 58 89 91 109 123 153
a 426 46 46 81 86 125 136 183
a 427 46 46 80 116 117 122 153
a 428 46 46 26 59 124 171 198
a 429 47 47 47 59 100 106 144 188 192
a 430 47 47 6 19 31 35 37 121 190
a 431 47 47 18 24 99 174 191
a 432 47 47 10 138 171
a 433 47 47 1 25 58
a 434 47 47 7 153 187
a 435 47 47 34 108 167
a 436 47 47 76 118 177
a 437 48 48 22 33 74 138 139 192
a 438 48 48 77 82 87 89 97
a 439 48 48 96 97 117 143 158
a 440 48 48 54 76 100 134 188
a 441 48 48 14 25 44 163
a 442 48 48 40 103 106
a 443 48 48 27 57 120
a 444 48 48 59 68 162
a 445 48 48 31 33 91
a 446 48 48 137 186
a 447 48 48 22 153
a 448 49 49 35 44 60 105 129 168 171 192
a 449 49 49 37 45 57 68 93 193
a 450 49 49 103 107 168 199
a 451 49 49 60 65 89 129
a 452 49 49 44 113 194
a 453 49 49 39
a 454 50 50 15 20 106 173 183
a 455 50 50 14 16 17 184 186
a 456 50 50 3 17 109 176
a 457 50 50 29 55 74 95
a 458 50 50 93 154 185
a 459 50 50 35 84 177
a 460 50 50 53 112 114
a 461 50 50 26 33
a 462 50 50 64 168
a 463 51 51 13 53 100 159 166 199
a 464 51 51 9 13 19 97 152 163
a 465 51 51 12 32 48 54 181
a 466 51 51 48 76 86 120 148
a 467 51 51 37 105 148 162
a 468 51 51 7 32 55 197
a 469 51 51 21 65 160 197
a 470 51 51 15 18 120
a 471 51 51 60 93
a 472 51 51 0 13
a 473 51 51 27 133
a 474 51 51 28
a 475 52 52 57 67 181
a 476 52 52 27 131 136
a 477 52 52 56
a 478 53 53 38 52 93 128 152 162 167 178
a 479 53 53 0 21 105 115 121 133
a 480 53 53 61 63 94 111 134 141
a 481 53 53 34 36 93 108 118 157
a 482 53 53 29 118 126 152 169
a 483 53 53 37 49 113 149 152
a 484 53 53 74 75 160 177
a 485 53 53 61 74 88 192
a 486 53 53 38 124 142
a 487 53 53 9 83 193
a 488 53 53 114 197
a 489 53 53 46 157
a 490 53 53 55
a 491 54 54 12 46 52 61 70 119
a 492 54 54 10 72 121 172
a 493 54 54 24 29 31 174
a 494 54 54 102 103 132 164
a 495 54 54 47 61 89 112
a 496 54 54 0 11 166 184
a 497 54 54 11 48 92
a 498 54 54 64 189
a 499 55 55 27 62 70 88 177 186 190
a 500 55 55 4 11 92 111 112 176
a 501 55 55 25 48 87 173 176 198
a 502 55 55 44 90 109 125 127
a 503 55 55 75 110 115 128 157
a 504 55 55 24 63 137 166
a 505 55 55 15 60 121 138
a 506 55 55 103 174 176
a 507 55 55 41 130 146
a 508 55 55 28 115 171
a 509 56 56 51 79 94 127 157 168
a 510 56 56 64 161 167 177 189
a 511 56 56 10 58 136 180 198
a 512 56 56 40 44 149 188
a 513 56 56 30 108 126 182
a 514 56 56 35 95 106
a 515 56 56 130 164
a 516 57 57 19 29 38 73 121 158
a 517 57 57 25 81 102 118 163
a 518 57 57 26 32 117 191
a 519 57 57 26 131 143
a 520 57 57 10 49 93
a 521 57 57 1 49
a 522 57 57 15 55
a 523 58 58 7 27 39 64 80 135 144 164
a 524 58 58 45 79 82 86 109 132 180
a 525 58 58 4 8 20 111 144 152
a 526 58 58 21 50 52 66 134
a 527 58 58 7 103 132 145
a 528 58 58 75 98 179 193
a 529 58 58 21 69 187
a 530 58 58 1 25 150
a 531 58 58 112 137 187
a 532 58 58 1 27 44
a 533 59 59 20 72 102 109 122 162 192 197
a 534 59 59 1 29 78 141 161 164 173
a 535 59 59 105 125 126 147 170
a 536 59 59 37 89 192
a 537 59 59 16 130 166
a 538 59 59 81 112 139
a 539 59 59 60 124 194
a 540 59 59 0 87 168
a 541 59 59 3 144
a 542 59 59 83 106
a 543 59 59 67
a 544 60 60 39 53 62 80 112 180 190
a 545 60 60 0 38 70 93 119 145
a 546 60 60 106 118 121 126 147 198
a 547 60 60 7 37 108 182 183
a 548 60 60 74 105 109 125 192
a 549 60 60 12 23 33 163
a 550 60 60 20 22 156 182
a 551 60 60 63 101 161
a 552 60 60 56 177
a 553 61 61 7 8 18 122 123 156
a 554 61 61 5 53 55 102 130
a 555 61 61 53 76
a 556 61 61 15 184
a 557 61 61 63
a 558 62 62 15 69 99 134 180 182
a 559 62 62 24 67 142 149 193
a 560 62 62 20 39 71 91 98
a 561 62 62 20 76 157 188
a 562 62 62 31 118 126 130
a 563 62 62 0 55 124
a 564 62 62 99 126 194
a 565 62 62 95 163 191
a 566 62 62 2 105 162
a 567 62 62 133 155
a 568 62 62 43 190
a 569 62 62 10 125
a 570 62 62 70 127
a 571 62 62 107 179
a 572 62 62 141 192
a 573 62 62 193
a 574 63 63 14 87 108 151 158 183 185 188
a 575 63 63 20 56 69 80 84 94
a 576 63 63 25 43 78 97 135 174
a 577 63 63 31 38 56 100 126 148
a 578 63 63 85 96 114 145 194
a 579 63 63 20 23 129 154 165
a 580 63 63 25 47 62 154
a 581 63 63 12 24 117 161
a 582 63 63 43 91 145 161
a 583 63 63 10 98 185
a 584 63 63 23 73 82
a 585 63 63 129 167
a 586 63 63 17 60
a 587 64 64 21 51 52 83 89 92 111 197
a 588 64 64 1 13 15 21 68 171 194
a 589 64 64 21 47 64 117 145 175
a 590 64 64 28 47 90 118 139 146
a 591 64 64 67 75 79 101 105 124
a 592 64 64 93 129 141 151 187
a 593 64 64 8 65 99 140 151
a 594 64 64 29 118 126 158 166
a 595 64 64 99 156 167 199
a 596 64 64 49 51 58 108
a 597 64 64 48 85 103 116
a 598 64 64 135 149 167 197
a 599 64 64 100 141 181
a 600 64 64 142 193
a 601 65 65 0 30 36 67 105 139 161 184
a 602 65 65 48 106 107 118 174 182
a 603 65 65 69 87 98 105 163
a 604 65 65 92 98 99 171 192
a 605 65 65 7 61 93 193
a 606 65 65 9 84 121 195
a 607 65 65 58 61 81 175
a 608 65 65 27 78 188
a 609 65 65 123 167 183
a 610 65 65 163 184
a 611 65 65 77 146
a 612 65 65 96 152
a 613 66 66 22 33 51 58 75 112 135 155 159
a 614 66 66 51 53 61 63 109 194
a 615 66 66 8 26 30 41 182
a 616 66 66 30 52 64 172 176
a 617 66 66 53 70 87 113 197
a 618 66 66 41 151 171
a 619 66 66 121 122 179
a 620 66 66 104 121 130
a 621 66 66 2 134 190
a 622 66 66 131 160
a 623 66 66 11 147
a 624 66 66 31 62
a 625 66 66 68
a 626 67 67 24 52 86 108 185 187
a 627 67 67 91 101 142 148 185 189
a 628 67 67 12 49 89 120 146
a 629 67 67 32 56 125 143 187
a 630 67 67 33 66 86 149
a 631 67 67 18 48 82 156
a 632 67 67 32 49 192
a 633 67 67 79 85 135
a 634 67 67 28 51
a 635 67 67 64 90
a 636 68 68 20 33 45 161 167 178 189
a 637 68 68 31 60 70 126 146 168
a 638 68 68 66 97 136 169 176 187
a 639 68 68 16 106 139 168 175
a 640 68 68 54 67 176 191
a 641 68 68 97 125 164 183
a 642 68 68 135 148 158 195
a 643 68 68 12 43 132
a 644 68 68 12 36 119
a 645 68 68 35 184 189
a 646 68 68 44 123
a 647 69 69 0 22 38 57 63 81 133 149
a 648 69 69 23 28 60 88 104 155 165
a 649 69 69 40 46 68 97 162 199
a 650 69 69 30 73 83 164 180 181
a 651 69 69 12 14 121 138 159
a 652 69 69 12 89 141 157 172
a 653 69 69 15 76 109 123 179
a 654 69 69 68 116 168 187
a 655 69 69 17 58 64 75
a 656 69 69 46 146 160 162
a 657 69 69 16 85 161 164
a 658 69 69 64 99 171
a 659 69 69 49 169 187
a 660 69 69 34 75 97
a 661 69 69 77 170 182
a 662 69 69 16 110 120
a 663 69 69 56 198
a 664 69 69 134 137
a 665 69 69 1 36
a 666 69 69 31
a 667 70 70 10 11 29 109 120 130 148 165 183 190
a 668 70 70 28 31 71 77 137 151 159 184 187
a 669 70 70 38 83 86 97 157 167 177
a 670 70 70 7 55 76 89 159 185 187
a 671 70 70 2 13 14 85 130 142
a 672 70 70 29 76 94 140 142 198
a 673 70 70 17 41 121 166 191
a 674 70 70 118 155 156 157
a 675 70 70 47 157 162 185
a 676 70 70 28 134 191
a 677 70 70 123 150 179
a 678 70 70 50 64 149
a 679 71 71 6 32 38 60 90 176 180 192
a 680 71 71 14 40 87 147 192 197
a 681 71 71 13 62 94 154 185
a 682 71 71 1 15 63 142 193
a 683 71 71 17 33 88 156
a 684 71 71 20 31 59
a 685 71 71 81 114 119
a 686 71 71 105 131 149
a 687 71 71 21 52 170
a 688 71 71 22 35 141
a 689 71 71 31 67
a 690 71 71 97 165
a 691 71 71 4
a 692 71 71 168
a 693 72 72 12 43 64 68 75 82
a 694 72 72 2 64 95 102 134 199
a 695 72 72 7 39 63 196
a 696 72 72 0 64 88 192
a 697 72 72 19 26 59 117
a 698 72 72 4 22 36 44
a 699 72 72 3 58 160
a 700 72 72 33 132 180
a 701 72 72 14 97 175
a 702 72 72 26 92
a 703 72 72 76 92
a 704 72 72 109 157
a 705 72 72 88
a 706 72 72 170
a 707 73 73 37 63 70 143 159 181 186 196
a 708 73 73 5 15 85 163 173 188
a 709 73 73 0 66 71 81 170 183
a 710 73 73 46 75 152 181 182
a 711 73 73 36 61 89 93 160
a 712 73 73 57 74 84 113 153
a 713 73 73 37 118 128 150
a 714 73 73 41 107 108 162
a 715 73 73 3 20 74
a 716 73 73 147 184 186
a 717 73 73 3 165 194
a 718 73 73 164 192
a 719 74 74 36 89 104 124 151 165 168
a 720 74 74 6 102 108 146 198
a 721 74 74 16 70 130 195
a 722 74 74 32 46 87 106
a 723 74 74 119 144 194
a 724 74 74 19 52 69
a 725 74 74 22 34
a 726 74 74 52 142
a 727 75 75 53 75 108 151 154
a 728 75 75 32 42 122 166 170
a 729 75 75 39 64 79 109 142
a 730 75 75 49 69 111 142
a 731 75 75 32 65 82
a 732 75 75 71 102 114
a 733 75 75 41 61 177
a 734 75 75 17 22 48
a 735 75 75 138 139
a 736 75 75 10 86
a 737 76 76 32 47 54 84 88 130 146 164 194
a 738 76 76 70 101 123 159 164 194
a 739 76 76 4 28 69 97 153 187
a 740 76 76 18 124 135 146 159
a 741 76 76 54 101 125 164
a 742 76 76 64 81 161
a 743 77 77 11 18 20 30 47 113 114 173
a 744 77 77 29 50 57 80 86 135 152
a 745 77 77 43 118 144 145 163 174
a 746 77 77 21 52 122 133 177 194
a 747 77 77 67 98 101 157 168
a 748 77 77 34 55 77 146 170
a 749 77 77 71 88 116 133
a 750 77 77 8 18 53 112
a 751 77 77 45 141 156 164
a 752 77 77 13 38 140
a 753 77 77 5 122 193
a 754 77 77 154 192 194
a 755 77 77 20 107 159
a 756 77 77 42 67
a 757 78 78 10 13 52 80 90 151 155
a 758 78 78 55 79 125 136 162 181
a 759 78 78 27 30 61 160 169 197
a 760 78 78 51 60 96 115 170 190
a 761 78 78 69 81 151 152 185
a 762 78 78 19 106 107 113 136
a 763 78 78 90 94 159 167 180
a 764 78 78 30 92 152 186
a 765 78 78 73 76 166
a 766 78 78 65 100 172
a 767 78 78 48 77 164
a 768 78 78 108 154 155
a 769 78 78 13 68
a 770 78 78 29 71
a 771 78 78 143 170
a 772 78 78 67 148
a 773 79 79 43 57 78 175 184
a 774 79 79 1 46 47 78 108
a 775 79 79 8 42 156 194
a 776 79 79 67 104 154 163
a 777 79 79 104 125 145 176
a 778 79 79 74 93 177 181
a 779 79 79 150 179 181
a 780 79 79 99 146 157
a 781 79 79 133 186
a 782 80 80 22 77 136 138 144 179 188
a 783 80 80 31 46 109 137 138 156
a 784 80 80 22 87 123 134 162
a 785 80 80 1 59 106 196
a 786 80 80 56 90 104 111
a 787 80 80 14 52 57 155
a 788 80 80 15 17 112 179
a 789 80 80 0 98 161
a 790 80 80 54 69
a 791 80 80 156 176
a 792 80 80 64 127
a 793 81 81 27 55 71 80 91 105 123 143
a 794 81 81 21 27 89 105 114 175
a 795 81 81 86 153 179
a 796 81 81 97 150 171
a 797 81 81 21 89
a 798 81 81 77
a 799 81 81 135
a 800 81 81 56
a 801 81 81 3
a 802 82 82 119 138 147 168 184
a 803 82 82 125 150 162
a 804 82 82 42 77 111
a 805 82 82 63 79 172
a 806 82 82 14 142 194
a 807 82 82 44 156 187
a 808 82 82 37 50 71
a 809 82 82 119
a 810 83 83 66 67 74 103 128 151 182
a 811 83 83 22 138 150 157 182 197
a 812 83 83 5 13 144 148
a 813 83 83 5 36 52 57
a 814 83 83 14 20 104 177
a 815 83 83 39 41 126 187
a 816 83 83 8 48 107
a 817 83 83 18 184
a 818 83 83 89
a 819 84 84 1 8 78 109 116 148 152
a 820 84 84 36 56 78 141 164
a 821 84 84 1 49 128 180
a 822 84 84 71 94 110 135
a 823 84 84 15 59 99 163
a 824 84 84 47 108 112 184
a 825 84 84 7 88 142 154
a 826 84 84 19 138
a 827 84 84 3 133
a 828 84 84 77 129
a 829 84 84 38 141
a 830 85 85 9 50 52 80 107 108 150
a 831 85 85 22 23 31 102 126 156 162
a 832 85 85 4 61 76 99 100 107
a 833 85 85 9 74 83 170 183
a 834 85 85 89 106 116 131 156
a 835 85 85 18 49 103 157 193
a 836 85 85 1 7 121 158
a 837 85 85 87 125 170
a 838 85 85 43 87 122
a 839 85 85 106 108 117
a 840 85 85 8 194
a 841 86 86 7 24 30 118 158 159
a 842 86 86 5 10 43 88 143 155
a 843 86 86 89 110 166 169 175
a 844 86 86 98 129 131 150 181
a 845 86 86 19 63 99 125 131
a 846 86 86 34 113 117 180 190
a 847 86 86 31 57 105 146 187
a 848 86 86 64 80 89 129 148
a 849 86 86 104 135 145 197
a 850 86 86 7 120 137 180
a 851 86 86 14 16 24
a 852 86 86 137 152 198
a 853 86 86 12 114
a 854 86 86 100 126
a 855 87 87 0 64 66 119 133 164
a 856 87 87 93 138 171 194
a 857 87 87 37 47 61 123
a 858 87 87 43 153 189
a 859 87 87 37 85 99
a 860 88 88 53 56 59 84 85 93 98 155 157 172
a 861 88 88 45 49 51 96 136 192
a 862 88 88 60 99 105 139 183 188
a 863 88 88 79 123 142 146 198 199
a 864 88 88 42 48 108 129 135 179
a 865 88 88 3 27 53 112
a 866 88 88 59 81 91 92
a 867 88 88 37 107 181 191
a 868 88 88 0 52 114 149
a 869 88 88 77 176 177
a 870 88 88 121 167 172
a 871 88 88 35 36 198
a 872 88 88 8 94 100
a 873 88 88 13 170
a 874 88 88 178
a 875 88 88 7
a 876 89 89 13 21 37 64 147 166
a 877 89 89 19 82 97 154 173 177
a 878 89 89 5 118 124 170 198
a 879 89 89 2 20 85 162 198
a 880 89 89 31 93 146
a 881 89 89 32 81 169
a 882 89 89 30 125 178
a 883 89 89 27 91 165
a 884 89 89 54
a 885 90 90 26 44 81 148 195
a 886 90 90 6 76 97 118 167
a 887 90 90 5 29 76 117 185
a 888 90 90 94 114 165 184
a 889 90 90 9 16 82 134
a 890 90 90 101 113 161 195
a 891 90 90 48 58 149 195
a 892 90 90 145 172 178
a 893 90 90 12 21 38
a 894 90 90 34 131
a 895 90 90 98 104
a 896 90 90 40 97
a 897 91 91 31 74 93 119 129 130 159 164 171 185
a 898 91 91 101 110 148 166 169 172
a 899 91 91 6 24 30 103 155 194
a 900 91 91 36 113 129 166
a 901 91 91 6 46 79 138
a 902 91 91 139 142 186
a 903 91 91 106
a 904 92 92 54 102 121 155 171 174 195
a 905 92 92 5 76 109 145 153 158
a 906 92 92 26 53 74 116 131 144
a 907 92 92 32 48 49 77 162
a 908 92 92 44 53 111 196
a 909 92 92 40 129 138 178
a 910 92 92 12 89 150 187
a 911 92 92 40 48 132 185
a 912 92 92 35 76 88 147
a 913 92 92 51 106 152
a 914 92 92 64 65 67
a 915 92 92 34 57 185
a 916 93 93 65 80 111 165 184
a 917 93 93 50 68 81 89
a 918 93 93 7 100 137 167
a 919 93 93 19 68 181
a 920 93 93 25 37
a 921 94 94 16 39 43 46 62 71 180 184
a 922 94 94 48 65 79 91 95 97 107
a 923 94 94 9 34 70 109 185
a 924 94 94 57 120 146 176 184
a 925 94 94 22 153 159 176 191
a 926 94 94 21 69 107 192
a 927 94 94 12 108 113 160
a 928 94 94 141 165 179 185
a 929 94 94 95 142 166
a 930 94 94 10 54 185
a 931 94 94 12 156 159
a 932 94 94 51 158 176
a 933 94 94 14 92
a 934 95 95 14 24 29 58 63 70 84 153 193
a 935 95 95 7 10 26 46 80 134
a 936 95 95 54 60 130 171 187 189
a 937 95 95 47 49 127 132 154
a 938 95 95 30 55 60 100 121
a 939 95 95 4 47 103 120 190
a 940 95 95 16 34 119 138
a 941 95 95 70 120 130
a 942 95 95 133 146
a 943 95 95 2 148
a 944 95 95 63 136
a 945 95 95 130
a 946 96 96 13 95 134 145 155 168
a 947 96 96 13 54 111 114 193 194
a 948 96 96 46 68 95 98 174
a 949 96 96 58 120 138 149
a 950 96 96 24 37 83 85
a 951 96 96 31 108 116
a 952 96 96 35 141 161
a 953 96 96 62 155
a 954 96 96 101 122
a 955 96 96 59 160
a 956 96 96 122 188
a 957 96 96 56
a 958 97 97 6 30 74 109 192
a 959 97 97 30 45 68 100 132
a 960 97 97 79 139 168 186
a 961 97 97 12 113 120 185
a 962 97 97 11 149 182
a 963 97 97 43 75
a 964 97 97 0
a 965 98 98 6 12 55 99 120 138 169
a 966 98 98 0 33 82 95 126
a 967 98 98 40 59 124 143
a 968 98 98 29 80 87 109
a 969 98 98 19 51 114 166
a 970 98 98 36 38 127
a 971 98 98 63 100 128
a 972 98 98 89 128 138
a 973 98 98 146 169 196
a 974 98 98 105 171
a 975 98 98 149 188
a 976 98 98 2 172
a 977 99 99 2 9 31 38 44 171
a 978 99 99 14 44 52 94 110 156
a 979 99 99 4 139 145 159 178
a 980 99 99 7 33 38 93 102
a 981 99 99 53 63 134 146 187
a 982 99 99 12 23 29 130
a 983 99 99 15 101 160
a 984 99 99 11 167 174
a 985 99 99 129
a 986 100 100 63 66 72 174 193
a 987 100 100 59 173 179 184 195
a 988 100 100 93 120 123 133 152
a 989 100 100 138 149 156 180
a 990 100 100 49 174 180 184
a 991 100 100 25 30 32 118
a 992 100 100 32 94 120 139
a 993 100 100 77 88 134
a 994 100 100 1 9 61
a 995 100 100 26 41 76
a 996 100 100 9 66 70
a 997 100 100 47 125 143
a 998 100 100 35 65 105
a 999 100 100 86 193
s 0 1
s 1 1
s 2 1
s 3 1
s 4 1
s 5 1
s 6 1
s 7 1
s 8 1
s 9 1
s 10 1
s 11 1
s 12 1
s 13 1
s 14 1
s 15 1
s 16 1
s 17 1
s 18 1
s 19 1
s 20 1
s 21 1
s 22 1
s 23 1
s 24 1
s 25 1
s 26 1
s 27 1
s 28 1
s 29 1
s 30 1
s 31 1
s 32 1
s 33 1
s 34 1
s 35 1
s 36 1
s 37 1
s 38 1
s 39 1
s 40 1
s 41 1
s 42 1
s 43 1
s 44 1
s 45 1
s 46 1
s 47 1
s 48 1
s 49 1
s 50 1
s 51 1
s 52 1
s 53 1
s 54 1
s 55 1
s 56 1
s 57 1
s 58 1
s 59 1
s 60 1
s 61 1
s 62 1
s 63 1
s 64 1
s 65 1
s 66 1
s 67 1
s 68 1
s 69 1
s 70 1
s 71 1
s 72 1
s 73 1
s 74 1
s 75 1
s 76 1
s 77 1
s 78 1
s 79 1
s 80 1
s 81 1
s 82 1
s 83 1
s 84 1
s 85 1
s 86 1
s 87 1
s 88 1
s 89 1
s 90 1
s 91 1
s 92 1
s 93 1
s 94 1
s 95 1
s 96 1
s 97 1
s 98 1
s 99 1
s 100 1
s 101 1
s 102 1
s 103 1
s 104 1
s 105 1
s 106 1
s 107 1
s 108 1
s 109 1
s 110 1
s 111 1
s 112 1
s 113 1
s 114 1
s 115 1
s 116 1
s 117 1
s 118 1
s 119 1
s 120 1
s 121 1
s 122 1
s 123 1
s 124 1
s 125 1
s 126 1
s 127 1
s 128 1
s 129 1
s 130 1
s 131 1
s 132 1
s 133 1
s 134 1
s 135 1
s 136 1
s 137 1
s 138 1
s 139 1
s 140 1
s 141 1
s 142 1
s 143 1
s 144 1
s 145 1
s 146 1
s 147 1
s 148 1
s 149 1
s 150 1
s 151 1
s 152 1
s 153 1
s 154 1
s 155 1
s 156 1
s 157 1
s 158 1
s 159 1
s 160 1
s 161 1
s 162 1
s 163 1
s 164 1
s 165 1
s 166 1
s 167 1
s 168 1
s 169 1
s 170 1
s 171 1
s 172 1
s 173 1
s 174 1
s 175 1
s 176 1
s 177 1
s 178 1
s 179 1
s 180 1
s 181 1
s 182 1
s 183 1
s 184 1
s 185 1
s 186 1
s 187 1
s 188 1
s 189 1
s 190 1
s 191 1
s 192 1
s 193 1
s 194 1
s 195 1
s 196 1
s 197 1
s 198 1
s 199 1
