p 1000 200
a 0 1 1 1 7 59 76 95 107
a 1 1 1 59 80 157 193 199
a 2 1 1 46 56 128 141 164
a 3 1 1 4 35 135 160 187
a 4 1 1 40 111 168 175
a 5 1 1 35 139 165 170
a 6 1 1 57 67 93 97
a 7 1 1 9 19 41 175
a 8 1 1 89 138 167 170
a 9 1 1 5 20 167
a 10 1 1 9 199
a 11 1 1 10 89
a 12 2 2 82 90 111 112 196
a 13 2 2 33 110 118 120 128
a 14 2 2 33 58 67 149
a 15 2 2 45 71 120 156
a 16 2 2 87 110 126 173
a 17 2 2 14 69 125
a 18 2 2 37 72 174
a 19 2 2 38 89 176
a 20 2 2 68 92 180
a 21 2 2 16 22 82
a 22 2 2 108 142
a 23 2 2 82
a 24 3 3 33 43 77 148 171 176 178
a 25 3 3 1 2 49 89 104 186
a 26 3 3 21 31 50 70 152 161
a 27 3 3 48 60 79 118 140 147
a 28 3 3 11 19 72 73
a 29 3 3 86 112 142 175
a 30 3 3 86 97 130 160
a 31 3 3 2 71 92 189
a 32 3 3 20 109 172
a 33 3 3 32 124 156
a 34 3 3 48 90 138
a 35 3 3 11 82 98
a 36 3 3 15 20 49
a 37 3 3 32 80
a 38 3 3 82 153
a 39 3 3 97 171
a 40 3 3 32 99
a 41 4 4 14 111 134 139 170
a 42 4 4 22 44 134 151 162
a 43 4 4 15 68 118 186
a 44 4 4 23 47 129 131
a 45 4 4 13 153 188 198
a 46 4 4 9 99 171
a 47 4 4 91 149
a 48 4 4 46 95
a 49 5 5 9 15 24 52 78 109 117 149 194
a 50 5 5 51 62 128 172 186 187
a 51 5 5 54 63 66 101 196
a 52 5 5 36 42 62 94 140
a 53 5 5 28 77 115
a 54 5 5 52 70 137
a 55 5 5 39 136 153
a 56 5 5 142
a 57 6 6 9 38 44 53 132 189
a 58 6 6 25 119 149 171 173 185
a 59 6 6 43 51 99 125 145 187
a 60 6 6 30 46 72 91 197
a 61 6 6 19 32 129 162 173
a 62 6 6 32 100 101 115 154
a 63 6 6 3 48 88 149
a 64 7 7 16 29 42 58 67 78 103 175
a 65 7 7 0 22 43 53 73 155
a 66 7 7 56 89 106 126 137 176
a 67 7 7 31 57 137 169 181
a 68 7 7 70 93 149 153 161
a 69 7 7 9 15 115 158 191
a 70 7 7 5 7 8 134 177
a 71 7 7 99 122 136 172 173
a 72 7 7 63 120 124 174 199
a 73 7 7 30 51 77 78
a 74 7 7 96 135 171 189
a 75 7 7 1 88 185
a 76 7 7 62 84 122
a 77 7 7 62 155 192
a 78 7 7 71 128
a 79 7 7 0 148
a 80 7 7 58 156
a 81 7 7 60 128
a 82 7 7 184
a 83 8 8 27 53 58 89 106 115 184
a 84 8 8 25 41 74 76 77 119 178
a 85 8 8 55 95 111 152 182 190
a 86 8 8 61 95 97 130 171 174
a 87 8 8 4 57 64 180 196
a 88 8 8 24 52 53 69 116
a 89 8 8 100 111 130 199
a 90 8 8 17 22 98
a 91 8 8 67 77 127
a 92 8 8 138 147 193
a 93 8 8 28 144 162
a 94 8 8 51 99 140
a 95 8 8 67 139
a 96 9 9 35 61 131 133 165 174
a 97 9 9 52 65 120 143 188
a 98 9 9 11 30 31 72 139
a 99 9 9 57 91 100 148
a 100 9 9 18 96 134
a 101 9 9 90 150 163
a 102 9 9 20 56 108
a 103 9 9 81 106 111
a 104 9 9 68 98 118
a 105 10 10 17 66 93 96 127 157
a 106 10 10 21 39 68 82 119
a 107 10 10 54 64 75 167 188
a 108 10 10 37 40 57 115 142
a 109 10 10 75 147 180 194
a 110 10 10 61 131 171
a 111 10 10 118
a 112 11 11 9 27 40 120 129 146 196
a 113 11 11 15 18 26 34 86 90 113
a 114 11 11 0 19 68 102 108 140
a 115 11 11 14 73 144 145 186
a 116 11 11 70 121 150 195
a 117 11 11 58 113 136
a 118 11 11 20 32 187
a 119 11 11 67 125 175
a 120 11 11 32 140 186
a 121 11 11 28 78 118
a 122 11 11 49 125 168
a 123 11 11 34 133 195
a 124 11 11 3 22 140
a 125 11 11 66 98
a 126 11 11 11 91
a 127 11 11 121 157
a 128 11 11 41
a 129 11 11 136
a 130 11 11 0
a 131 12 12 10 131 149 150 199
a 132 12 12 49 76 83 150 174
a 133 12 12 80 107 183 190 191
a 134 12 12 109 142 168 173
a 135 12 12 1 122 190
a 136 12 12 33 178
a 137 12 12 46 127
a 138 13 13 25 43 59 64 146 152
a 139 13 13 0 67 100 194 196
a 140 13 13 23 36 63 73 108
a 141 13 13 30 46 134 183
a 142 13 13 10 87 166
a 143 13 13 1 148 177
a 144 13 13 28 56 77
a 145 13 13 97 140
a 146 13 13 101 164
a 147 14 14 5 10 13 17 58 64 135 156 158 175
a 148 14 14 25 96 138 166 195
a 149 14 14 5 22 49 157
a 150 14 14 64 106 128 164
a 151 14 14 64 138 159 197
a 152 14 14 24 94 174 178
a 153 14 14 29 119 145
a 154 14 14 84 108 148
a 155 14 14 66 99 135
a 156 14 14 3 22 119
a 157 14 14 46
a 158 15 15 11 65 77 85 96 194
a 159 15 15 10 29 123 148
a 160 15 15 52 54 165 178
a 161 15 15 43 87 135 139
a 162 15 15 24 43 72 132
a 163 15 15 5 94 108
a 164 15 15 1 29 102
a 165 15 15 54 97 182
a 166 15 15 55 63 174
a 167 15 15 8 16 97
a 168 15 15 126 145 155
a 169 15 15 74 126
a 170 15 15 134 195
a 171 16 16 93 102 114 143 157 165 171 175
a 172 16 16 43 67 71 158 164 165 188
a 173 16 16 0 28 96 116 127
a 174 16 16 4 38 40 190 197
a 175 16 16 71 77 117 129 191
a 176 16 16 0 68 71 112 182
a 177 16 16 91 95 98 115 170
a 178 16 16 41 47 69 102
a 179 16 16 54 101 104
a 180 17 17 8 42 119 120 137 193
a 181 17 17 38 82 111 132 166
a 182 17 17 45 100 135 179 184
a 183 17 17 23 67 90 122
a 184 17 17 60 65 84 185
a 185 17 17 36 146 185 196
a 186 17 17 32 103 186
a 187 17 17 40 155 180
a 188 17 17 143
a 189 18 18 18 42 72 117 151 170 193
a 190 18 18 22 45 111 165 193 196
a 191 18 18 38 44 116 132 173
a 192 18 18 123 132 151 198
a 193 18 18 50 60 113 174
a 194 18 18 115 122 161 198
a 195 18 18 73 131 167 185
a 196 18 18 69 109 131 198
a 197 19 19 31 46 53 91 107 115 133 166
a 198 19 19 82 118 143 144 151
a 199 19 19 56 64 87 93 186
a 200 19 19 31 34 125 145 197
a 201 19 19 27 36 57 106 178
a 202 19 19 36 119 156
a 203 19 19 94 130
a 204 20 20 1 29 50 63 92 120 138
a 205 20 20 4 13 55 78 122 123 184
a 206 20 20 39 60 115 126
a 207 20 20 22 40 123 198
a 208 20 20 1 19 50 191
a 209 20 20 4 137 167
a 210 20 20 92 118 160
a 211 20 20 1 9 127
a 212 20 20 12 164
a 213 20 20 116
a 214 20 20 124
a 215 21 21 54 71 129 131 155
a 216 21 21 106 113 122 127
a 217 21 21 110 181 191
a 218 21 21 79 162 184
a 219 21 21 3 40
a 220 21 21 8 87
a 221 21 21 132
a 222 22 22 25 34 89 105 121 151
a 223 22 22 67 89 123 161 169 187
a 224 22 22 12 34 95 122 171
a 225 22 22 65 112 175 188
a 226 22 22 60 89 119
a 227 22 22 33 59 83
a 228 22 22 178 185 189
a 229 22 22 15 20 84
a 230 22 22 76 141 162
a 231 22 22 53 163
a 232 23 23 2 15 56 59 68 86
a 233 23 23 22 25 46 49 128
a 234 23 23 9 53 155 180
a 235 23 23 52 70 135 183
a 236 23 23 70 165 172
a 237 23 23 1 14 93
a 238 23 23 150
a 239 23 23 162
a 240 24 24 20 124 136 152 162 197
a 241 24 24 72 139 157 175 186 188
a 242 24 24 37 72 91 167 191
a 243 24 24 5 172 199
a 244 24 24 9 83 184
a 245 24 24 41 71 114
a 246 24 24 8 86
a 247 24 24 159
a 248 25 25 3 4 43 65 71 183 186
a 249 25 25 6 17 33 107 147 162
a 250 25 25 7 92 98 128 182
a 251 25 25 2 73 94 178
a 252 25 25 58 77 109 149
a 253 25 25 63 168 177
a 254 25 25 105 106 119
a 255 25 25 36 140 155
a 256 25 25 107 198
a 257 25 25 0
a 258 26 26 18 25 81 91 103 175
a 259 26 26 28 62 67 141 162
a 260 26 26 7 115 128 141 158
a 261 26 26 29 42 142 183
a 262 26 26 33 78 92 102
a 263 26 26 6 24 188
a 264 26 26 84 108 138
a 265 26 26 62 87 161
a 266 26 26 140 160 178
a 267 26 26 110 189
a 268 27 27 1 8 18 114 150 199
a 269 27 27 29 59 81 115 198
a 270 27 27 20 37 65 99 115
a 271 27 27 3 63 187 195
a 272 27 27 66 122 141 170
a 273 27 27 69 82 100 199
a 274 27 27 6 21 169
a 275 27 27 40 47 126
a 276 27 27 19 119
a 277 28 28 30 66 74 90 148 152
a 278 28 28 0 55 78 84 141 181
a 279 28 28 5 14 31 64 126
a 280 28 28 26 27 97 126 129
a 281 28 28 4 32 41 194
a 282 28 28 148 153 181 195
a 283 28 28 7 34 110
a 284 28 28 21 52 135
a 285 28 28 20 141 169
a 286 28 28 112 113 117
a 287 28 28 31 155 182
a 288 28 28 0 61
a 289 28 28 69 75
a 290 28 28 19 188
a 291 29 29 28 69 82 85 95 189 195
a 292 29 29 22 59 92 96 185
a 293 29 29 10 51 94 126 151
a 294 29 29 122 130 179 196
a 295 29 29 0 130 191
a 296 29 29 21 143 194
a 297 29 29 43 114 147
a 298 29 29 37 168
a 299 29 29 49
a 300 30 30 30 55 95 117 126 153 183
a 301 30 30 3 41 44 71 87 158 176
a 302 30 30 31 35 48 65 160 174
a 303 30 30 62 92 141
a 304 30 30 99 175 177
a 305 30 30 106 123
a 306 30 30 160 176
a 307 30 30 18
a 308 31 31 21 28 52 91 129 141
a 309 31 31 15 22 56 61 137
a 310 31 31 35 51 70 96
a 311 31 31 61 129 149 174
a 312 31 31 23 29 97
a 313 31 31 19 49 125
a 314 31 31 112 136 153
a 315 31 31 19 78 108
a 316 31 31 26 31 82
a 317 31 31 144 167
a 318 31 31 35 47
a 319 32 32 22 25 74 104 135 147 164 169
a 320 32 32 2 9 20 88 169 199
a 321 32 32 34 52 127 130 152 160
a 322 32 32 131 133 158 166 188
a 323 32 32 37 45 70 124 175
a 324 32 32 54 104 133 134 142
a 325 32 32 40 53 75 107
a 326 32 32 24 133 144
a 327 32 32 7 90 176
a 328 32 32 41 168 179
a 329 32 32 100 132
a 330 32 32 7 195
a 331 32 32 31 173
a 332 32 32 51
a 333 33 33 1 5 21 130 177 198
a 334 33 33 89 98 105 126 184
a 335 33 33 49 96 129 188
a 336 33 33 102 153 155 180
a 337 33 33 55 60 86 157
a 338 33 33 20 121 123 159
a 339 33 33 96 158 178 195
a 340 33 33 12 139 185
a 341 33 33 27 105 166
a 342 33 33 13 184
a 343 33 33 21 33
a 344 33 33 188
a 345 33 33 125
a 346 34 34 8 35 36 39 54 112 140 182 199
a 347 34 34 18 49 87 94 159
a 348 34 34 5 54 137 146
a 349 34 34 44 121 124 174
a 350 34 34 79 114 198
a 351 34 34 3 124 195
a 352 35 35 36 42 50 83 159 198
a 353 35 35 39 78 82 135 150
a 354 35 35 13 33 97 170
a 355 35 35 3 88 101 104
a 356 35 35 92 110 167 180
a 357 35 35 19 21 105 161
a 358 35 35 109 160 174
a 359 35 35 9 30 81
a 360 35 35 99 174
a 361 35 35 159 185
a 362 36 36 78 104 105 129 131 165 189 191 199
a 363 36 36 1 2 107 134 145 150 181 191
a 364 36 36 27 88 95 107 150 188
a 365 36 36 38 120 124 131 187
a 366 36 36 31 102 123 129 140
a 367 36 36 18 65 86 170
a 368 36 36 31 54 94 188
a 369 36 36 18 46 77 160
a 370 36 36 63 80 84 145
a 371 36 36 29 37 85 185
a 372 36 36 92 116 131
a 373 36 36 128
a 374 37 37 3 6 9 17 86 145 151 199
a 375 37 37 11 50 52 62 100 106 172
a 376 37 37 6 21 33 36 184
a 377 37 37 78 106 124 128
a 378 37 37 25 37 106 135
a 379 37 37 13 52 193
a 380 37 37 38 55 88
a 381 37 37 61 193
a 382 37 37 9 107
a 383 38 38 7 25 30 36 71 130 158 198
a 384 38 38 3 35 66 74 114 149 166
a 385 38 38 8 19 27 150 163
a 386 38 38 4 41 50 65 119
a 387 38 38 53 101 113 161
a 388 38 38 32 85 165 199
a 389 38 38 4 37 117 163
a 390 38 38 11 103 177 199
a 391 38 38 1 27 92 169
a 392 38 38 42 69 125
a 393 38 38 30 66 196
a 394 38 38 38 57 61
a 395 38 38 2 16 173
a 396 38 38 8 100
a 397 38 38 139 166
a 398 39 39 4 11 47 55 90 97 167
a 399 39 39 5 52 59 86 104 182
a 400 39 39 117 121 123 159 163 193
a 401 39 39 15 38 120 157 193
a 402 39 39 59 99 128 138 198
a 403 39 39 47 51 136 157 159
a 404 39 39 6 12 62
a 405 40 40 27 68 87 142 152 174
a 406 40 40 26 51 56 75 83 126
a 407 40 40 4 183 192 195
a 408 40 40 17 50 175 194
a 409 40 40 80 94 97 118
a 410 40 40 16 63 183
a 411 40 40 18 38 106
a 412 40 40 32 71 154
a 413 40 40 26 49 80
a 414 40 40 24 104
a 415 41 41 52 93 95 117 168 188
a 416 41 41 29 33 96 146 181
a 417 41 41 0 15 17 31 195
a 418 41 41 34 57 193 194
a 419 41 41 49 117 133 183
a 420 41 41 48 62 91 139
a 421 41 41 63 67 124 175
a 422 41 41 83 147 189
a 423 41 41 138 144 180
a 424 41 41 86 90 151
a 425 41 41 43 55 195
a 426 41 41 17 22
a 427 41 41 40
a 428 42 42 0 18 20 147 165 174
a 429 42 42 36 49 91 96 102 140
a 430 42 42 44 69 74 125 143 155
a 431 42 42 21 35 70 72 157 159
a 432 42 42 94 95 124 145 158 182
a 433 42 42 70 75 109 126 131
a 434 42 42 20 51 65 126 191
a 435 42 42 33 96 123 142
a 436 42 42 75 80 152 167
a 437 42 42 36 75 145
a 438 42 42 52 144 169
a 439 42 42 30 42 180
a 440 42 42 27 39 148
a 441 43 43 6 23 28 40 52 149 180
a 442 43 43 10 42 82 97 121 164
a 443 43 43 15 37 73 104 120
a 444 43 43 42 53 96 147
a 445 43 43 26 40 97
a 446 43 43 124 167 188
a 447 44 44 10 53 59 67 78 122 132
a 448 44 44 11 26 35 54 166 170
a 449 44 44 8 106 143 154 191
a 450 44 44 31 37 131 150 180
a 451 44 44 58 82 116 174
a 452 44 44 115 126 140 185
a 453 44 44 112 124 193
a 454 44 44 9 62 141
a 455 44 44 15 94 187
a 456 44 44 24 74
a 457 44 44 94 106
a 458 44 44 7
a 459 44 44 62
a 460 45 45 61 67 88 133
a 461 45 45 5 25 111 184
a 462 45 45 102 105 149
a 463 45 45 60 82 125
a 464 46 46 57 91 96 126 142 168
a 465 46 46 79 86 165 169 174 188
a 466 46 46 45 61 64 69 79 119
a 467 46 46 66 93 108 143 164
a 468 46 46 24 34 39 41
a 469 46 46 17 81 124 177
a 470 46 46 49 105 136
a 471 46 46 70 95 179
a 472 46 46 113 126 153
a 473 46 46 45 105
a 474 47 47 2 34 95 143 165 171 195
a 475 47 47 42 61 77 85 139 165 172
a 476 47 47 33 35 55 61 127 197
a 477 47 47 7 8 62 141 146
a 478 47 47 6 52 97 108 163
a 479 47 47 28 111 125 143 152
a 480 47 47 112 147 163 193
a 481 47 47 19 39 149
a 482 47 47 98 160 199
a 483 47 47 36 53 167
a 484 47 47 50 96
a 485 47 47 88 112
a 486 47 47 135 195
a 487 47 47 13 93
a 488 47 47 170
a 489 47 47 197
a 490 48 48 8 13 18 28 47 69 142 178 194
a 491 48 48 49 52 85 101 104 121 148
a 492 48 48 47 89 105 110 131 142 146
a 493 48 48 2 54 90 127 144 149
a 494 48 48 7 19 37 44 175
a 495 48 48 76 77 94 188
a 496 48 48 10 57 61 87
a 497 48 48 69 137 159
a 498 48 48 30 39 131
a 499 48 48 83 104 191
a 500 48 48 57 90 113
a 501 48 48 121 156
a 502 49 49 6 12 55 57 104 106
a 503 49 49 5 19 98 186 188
a 504 49 49 0 28 79 95 157
a 505 49 49 69 81 87 142
a 506 49 49 48 52 71 127
a 507 49 49 62 100 155 179
a 508 49 49 24 54 79 127
a 509 49 49 76 81 90
a 510 49 49 64 128 129
a 511 49 49 117 125 146
a 512 50 50 8 13 129 141 198
a 513 50 50 17 82 153 159 194
a 514 50 50 33 55 113 166 187
a 515 50 50 7 10 40 137
a 516 50 50 81 117 197
a 517 50 50 182 196
a 518 50 50 59 72
a 519 50 50 16
a 520 51 51 27 63 65 100 101 190 192
a 521 51 51 37 56 65 99 169 194
a 522 51 51 7 119 146 158
a 523 51 51 10 17 73 108
a 524 51 51 28 57 157 163
a 525 51 51 2 4 113
a 526 51 51 23 72 139
a 527 51 51 37 57
a 528 51 51 41 192
a 529 51 51 51
a 530 51 51 49
a 531 52 52 38 48 130 159 169 181
a 532 52 52 10 31 59 91
a 533 52 52 104 178 188 191
a 534 52 52 7 21 23 133
a 535 53 53 66 100 102 142 155 161 190 197
a 536 53 53 36 103 108 144 187 199
a 537 53 53 0 6 12 49 90
a 538 53 53 10 12 45 145 179
a 539 53 53 8 54 170 187
a 540 53 53 19 31 122
a 541 53 53 50 130 134
a 542 53 53 59 118
a 543 53 53 184
a 544 54 54 12 64 74 193
a 545 54 54 25 135 140 141
a 546 54 54 23 107 152
a 547 54 54 39 98 170
a 548 54 54 24 115
a 549 55 55 4 39 51 71 78 162 186
a 550 55 55 25 36 87 104 131 153 190
a 551 55 55 44 76 162 167 178 185
a 552 55 55 86 151 163 175 178
a 553 55 55 9 77 143 158 164
a 554 55 55 21 87 120 134 182
a 555 55 55 28 84 166 198
a 556 55 55 60 90 149 182
a 557 55 55 75 80 93 173
a 558 55 55 12 69 181 191
a 559 55 55 16 24 76
a 560 55 55 9 81 160
a 561 55 55 70 126 140
a 562 55 55 76 91 153
a 563 55 55 4 13
a 564 55 55 39 110
a 565 56 56 34 54 62 70 82 100 144
a 566 56 56 12 20 57 148
a 567 56 56 59 124 137 167
a 568 56 56 41 69 75 143
a 569 56 56 104 174 194
a 570 56 56 44 87 122
a 571 56 56 57 175
a 572 56 56 6
a 573 57 57 8 116 133 156
a 574 57 57 40 111 135 167
a 575 57 57 129 140 179
a 576 57 57 16 99 151
a 577 58 58 9 13 42 89 112 124 193
a 578 58 58 77 159 173 193
a 579 58 58 40 70 146 170
a 580 58 58 50 136 146
a 581 58 58 29 97 172
a 582 58 58 101 150
a 583 58 58 20 62
a 584 58 58 109
a 585 59 59 16 26 45 121 126 130 194
a 586 59 59 88 98 143 165 174 191
a 587 59 59 9 35 36 145 174
a 588 59 59 52 83 90 94 171
a 589 59 59 5 30 182 197
a 590 59 59 64 73 144 172
a 591 59 59 73 95 115 163
a 592 59 59 18 49 145 174
a 593 59 59 13 19 180 189
a 594 59 59 50 138 151 171
a 595 59 59 30 144 146 166
a 596 59 59 31 47 148
a 597 59 59 79 100
a 598 59 59 92 115
a 599 59 59 190
a 600 60 60 11 42 55 66 95 103 162 191
a 601 60 60 16 20 57 98 161 193
a 602 60 60 66 90 109 160 180 198
a 603 60 60 17 45 148 173 182
a 604 60 60 50 59 111 113
a 605 60 60 12 122 144 149
a 606 60 60 54 122 158 169
a 607 60 60 18 77 104 152
a 608 60 60 14 61 143
a 609 60 60 23 85
a 610 60 60 63 112
a 611 60 60 105 197
a 612 60 60 23 69
a 613 61 61 5 37 42 53 55 75 147 156 175 178
a 614 61 61 10 42 64 89 101 108 158 167 183
a 615 61 61 49 63 74 76 83 102 119 128
a 616 61 61 40 64 101 150 169 191
a 617 61 61 34 52 67 163 176
a 618 61 61 49 77 116 145 146
a 619 61 61 56 63 92 104 199
a 620 61 61 16 75 136
a 621 61 61 89 94
a 622 61 61 5 132
a 623 62 62 48 74 100 102 117 130 136 171 183
a 624 62 62 18 59 76 86 134 144 188
a 625 62 62 31 144 152 154 169 170 199
a 626 62 62 12 74 88 108 128
a 627 62 62 13 27 53 111
a 628 62 62 2 8 59 193
a 629 62 62 8 11 20 105
a 630 62 62 21 27 60 173
a 631 62 62 13 16 139 194
a 632 62 62 38 46 58 111
a 633 62 62 0 137 187
a 634 62 62 68 120
a 635 62 62 77 157
a 636 62 62 65
a 637 63 63 8 17 101 119 122 168 194
a 638 63 63 11 36 66 105
a 639 63 63 113 125 186
a 640 63 63 75 88 133
a 641 63 63 34 123 192
a 642 63 63 19 165 180
a 643 63 63 2 126 174
a 644 63 63 35 92 138
a 645 63 63 18 58 194
a 646 63 63 10 105
a 647 63 63 95
a 648 64 64 27 90 99 119 165
a 649 64 64 42 92 184
a 650 64 64 100 156 184
a 651 64 64 13 61 144
a 652 64 64 38 107
a 653 64 64 120 190
a 654 64 64 15 41
a 655 64 64 61
a 656 65 65 47 73 96 106 126 156
a 657 65 65 47 53 147 149 160 187
a 658 65 65 11 30 92 106 116
a 659 65 65 23 154 160 185 191
a 660 65 65 44 95 112 129
a 661 65 65 73 84 90 144
a 662 65 65 67 79 80 189
a 663 65 65 0 118 140 178
a 664 65 65 3 27 75
a 665 65 65 68 91 199
a 666 65 65 10 69 114
a 667 65 65 37 143 192
a 668 65 65 7 164
a 669 65 65 155 167
a 670 66 66 2 13 95 103 124 129 167 185
a 671 66 66 31 65 81 107 129 165
a 672 66 66 89 124 137 153
a 673 66 66 132 133 149 153
a 674 66 66 86 156 161 174
a 675 66 66 1 13 61 89
a 676 66 66 15 115 176
a 677 66 66 85 95 100
a 678 66 66 0 18 181
a 679 66 66 113 152 172
a 680 67 67 49 54 69 100 121 142 170 177 180 190 198 199
a 681 67 67 14 57 67 70 165 170 189 192
a 682 67 67 28 58 60 94 131 158 175 187
a 683 67 67 41 96 100 135 137 196
a 684 67 67 38 77 99 117
a 685 67 67 55 56 86 105
a 686 67 67 48 157 196 199
a 687 67 67 71 97 171
a 688 67 67 60 87
a 689 67 67 10 95
a 690 67 67 132 141
a 691 68 68 68 76 82 114 148 163 183
a 692 68 68 35 123 136 137 157
a 693 68 68 18 34 38 71 143
a 694 68 68 114 163 180 195
a 695 68 68 1 56 76 93
a 696 68 68 26 43
a 697 69 69 2 6 18 25 64 85 93
a 698 69 69 28 56 148 156 194
a 699 69 69 21 58 68 88 154
a 700 69 69 17 94 95 106 163
a 701 69 69 9 58 112 149
a 702 69 69 72 73 121 175
a 703 69 69 22 38 80 174
a 704 69 69 19 31 37 164
a 705 69 69 102 104 173 195
a 706 69 69 64 76 140 153
a 707 69 69 0 98 130
a 708 69 69 24 123 192
a 709 69 69 66 187 195
a 710 69 69 63 155
a 711 69 69 18
a 712 69 69 165
a 713 70 70 2 15 56 69 83 134 165 174
a 714 70 70 60 61 84 139 190
a 715 70 70 21 79 125 147 170
a 716 70 70 33 53 91 106 147
a 717 70 70 9 83 190 198
a 718 70 70 16 88 94
a 719 70 70 11 34 63
a 720 70 70 94 142 190
a 721 70 70 139 142 153
a 722 70 70 1 46
a 723 70 70 62
a 724 71 71 23 58 67 73 77 92 141 165
a 725 71 71 63 85 101 120 142 194
a 726 71 71 87 103 126 164 173
a 727 71 71 37 73 106 143 167
a 728 71 71 5 112 128 164
a 729 71 71 1 13 24
a 730 71 71 41 47 135
a 731 71 71 20 58 189
a 732 71 71 66 147
a 733 72 72 31 72 84 107 114 130 137 178
a 734 72 72 49 73 100 160 191
a 735 72 72 35 91 115 172 180
a 736 72 72 132 137 148 181
a 737 72 72 15 26 60 65
a 738 72 72 90 95 100
a 739 72 72 95 119 123
a 740 72 72 122 183 196
a 741 72 72 40 134
a 742 72 72 92 156
a 743 72 72 18
a 744 72 72 8
a 745 73 73 9 10 15 29 51 61 74 106
a 746 73 73 24 32 37 112 189 194
a 747 73 73 11 26 93 148 186 198
a 748 73 73 4 11 31 60 106
a 749 73 73 50 85 157 161
a 750 73 73 93 139 154
a 751 73 73 22 153
a 752 73 73 100 192
a 753 73 73 133
a 754 74 74 35 48 94 161 162 166
a 755 74 74 59 67 80 187 190
a 756 74 74 54 86 101 179
a 757 74 74 24 55 98 187
a 758 74 74 70 83 170
a 759 74 74 5 57 171
a 760 74 74 56 118 176
a 761 74 74 56 66
a 762 74 74 186
a 763 75 75 36 131 137 157
a 764 75 75 13 18 148 196
a 765 75 75 48 105 168
a 766 75 75 72 150 165
a 767 75 75 14 174 177
a 768 75 75 101 145 169
a 769 75 75 58
a 770 75 75 142
a 771 76 76 10 14 18 66 135 176
a 772 76 76 38 84 90 157 160 172
a 773 76 76 18 59 100 123 162
a 774 76 76 8 21 135 146 160
a 775 76 76 4 74 79 167
a 776 76 76 28 124 152 161
a 777 76 76 43 83
a 778 76 76 97 140
a 779 76 76 113 183
a 780 76 76 188
a 781 77 77 0 32 34 76 117 138 195
a 782 77 77 20 103 107 125 166 173 199
a 783 77 77 25 58 143 173 181 185
a 784 77 77 19 94 128 156 167 173
a 785 77 77 2 64 92 145 159
a 786 77 77 55 109 124 137 186
a 787 77 77 133 152 185 199
a 788 77 77 5 6 7 171
a 789 77 77 6 68 153
a 790 77 77 81 186
a 791 78 78 21 48 60 64 80 118 130
a 792 78 78 32 50 78 134 148 175
a 793 78 78 22 43 102 113 135 148
a 794 78 78 14 27 38 65 118
a 795 78 78 17 139 165 168
a 796 78 78 112 155 159 192
a 797 78 78 14 82 186
a 798 78 78 68 172
a 799 78 78 13 138
a 800 78 78 24 164
a 801 79 79 3 5 9 73 76 143
a 802 79 79 6 36 101 170 178 193
a 803 79 79 9 29 35 52 139
a 804 79 79 2 105 125 185
a 805 79 79 56 111 144 181
a 806 79 79 75 76 90
a 807 79 79 47 118 162
a 808 79 79 31 46 183
a 809 79 79 62 64 83
a 810 79 79 15 41 189
a 811 79 79 76
a 812 80 80 48 86 103 136 159
a 813 80 80 17 76 97 165 184
a 814 80 80 97 128 140 183 187
a 815 80 80 7 73 157 172 191
a 816 80 80 56 111 130 180
a 817 80 80 23 24 53 159
a 818 80 80 60 97 178
a 819 80 80 38 55 74
a 820 80 80 51 94
a 821 80 80 55 89
a 822 80 80 72 145
a 823 80 80 6
a 824 81 81 1 39 89 93 122 132
a 825 81 81 0 19 38 69 197
a 826 81 81 50 94 121 169 188
a 827 81 81 82 92 107 112 170
a 828 81 81 74 77 94 118 192
a 829 81 81 8 86 104 188
a 830 81 81 59 90 96 148
a 831 81 81 46 48 115 164
a 832 81 81 76 122 135
a 833 81 81 44 59 112
a 834 81 81 58 124 196
a 835 81 81 17 26 126
a 836 81 81 46 66
a 837 81 81 160
a 838 82 82 28 33 42 46 71 87 112 166
a 839 82 82 8 24 75 116 156
a 840 82 82 1 76 77 144
a 841 82 82 51 57 106 188
a 842 82 82 6 109 150 180
a 843 82 82 4 9 74
a 844 82 82 38 67 100
a 845 82 82 122 179
a 846 82 82 190
a 847 83 83 33 34 63 79 133 198
a 848 83 83 13 108 132 151
a 849 83 83 71 141 182
a 850 83 83 31 133 139
a 851 83 83 78 161
a 852 83 83 30 150
a 853 83 83 87 146
a 854 84 84 4 37 68 96 116 135 172
a 855 84 84 0 45 76 84 102 139 187
a 856 84 84 11 17 34 42 127
a 857 84 84 6 30 43 148
a 858 84 84 16 103 108
a 859 84 84 22 73 78
a 860 84 84 15 22 41
a 861 84 84 26 77
a 862 84 84 155
a 863 85 85 2 22 27 54 107 131 138
a 864 85 85 14 17 97 104 119
a 865 85 85 3 45 59 65 177
a 866 85 85 5 13 41 87 142
a 867 85 85 36 47 112 154 193
a 868 85 85 48 96 149 169
a 869 85 85 9 113 155 178
a 870 85 85 44 87 138 183
a 871 85 85 80 104 117 119
a 872 85 85 4 48 138
a 873 85 85 32 88 178
a 874 85 85 55 173
a 875 86 86 18 22 39 53 75 84 107 167 172
a 876 86 86 29 89 103 129 167
a 877 86 86 42 48 180 183
a 878 86 86 7 42 118 155
a 879 86 86 12 107 115 124
a 880 86 86 88 172
a 881 86 86 103 194
a 882 87 87 53 55 87 94 111 175
a 883 87 87 38 129 145 167 179
a 884 87 87 10 35 42 70 163
a 885 87 87 51 87 131 197
a 886 87 87 1 31 132
a 887 87 87 15 133 167
a 888 87 87 114 136 176
a 889 87 87 12 91 129
a 890 87 87 35 61 111
a 891 87 87 94 104 190
a 892 87 87 193 195
a 893 88 88 14 21 59 69 75 123 129 169
a 894 88 88 46 84 85 95 108 145 177
a 895 88 88 58 67 70 174 187 194
a 896 88 88 107 108 147 172 174
a 897 88 88 104 140 143 160 174
a 898 88 88 87 110 134 161
a 899 88 88 0 4 69
a 900 88 88 60 141 199
a 901 88 88 34 194
a 902 88 88 141 184
a 903 88 88 33 175
a 904 88 88 180 195
a 905 88 88 92
a 906 89 89 5 10 27 29 47 48 178 194
a 907 89 89 55 81 111 119 140 145 188
a 908 89 89 24 73 87 159 165 170 187
a 909 89 89 6 27 29 107 153 195
a 910 89 89 111 114 117 123 174 177
a 911 89 89 75 95 125
a 912 89 89 134 164 195
a 913 89 89 33 93 103
a 914 89 89 79 153
a 915 90 90 21 36 40 56 78 83 104
a 916 90 90 13 38 73 75 123 140 175
a 917 90 90 28 103 116 158 168 193
a 918 90 90 3 48 55 69 113
a 919 90 90 11 68 76 123
a 920 90 90 24 70 121 164
a 921 90 90 133 151 176
a 922 90 90 1 108
a 923 90 90 13 88
a 924 90 90 130 195
a 925 90 90 2 101
a 926 91 91 51 59 94 95 173 191
a 927 91 91 2 4 36 57 199
a 928 91 91 62 164
a 929 91 91 197
a 930 92 92 64 73 83 108 135 161
a 931 92 92 10 27 80 102 106 193
a 932 92 92 43 61 102 111 137
a 933 92 92 36 60 75 99 136
a 934 92 92 40 74 195
a 935 92 92 28 58 185
a 936 92 92 59 184
a 937 93 93 9 28 62 71 94 96 110 111 121 168 176
a 938 93 93 5 48 128 190
a 939 93 93 52 127 154 180
a 940 93 93 51 102 104 125
a 941 93 93 47 63 89
a 942 93 93 64 87 107
a 943 93 93 130
a 944 94 94 22 29 48 74 142 149 170
a 945 94 94 11 61 99 132 163 180
a 946 94 94 10 11 28 39 56 74
a 947 94 94 62 70 120
a 948 94 94 1 38 77
a 949 94 94 29 121 173
a 950 94 94 2
a 951 95 95 2 54 91 100 102 152 191 194
a 952 95 95 28 93 142 149 161 175 193
a 953 95 95 6 37 60 127 129 140 166
a 954 95 95 30 35 68 110 155 163
a 955 95 95 125 139 156
a 956 95 95 43 107 192
a 957 95 95 43 122
a 958 95 95 112 183
a 959 96 96 17 59 72 75 96 97 109 135 139
a 960 96 96 11 13 57 84 100 108 129 199
a 961 96 96 33 40 59 124 134
a 962 96 96 52 63 91 147
a 963 96 96 46 61 87 137
a 964 96 96 40 51 154
a 965 96 96 66 170 193
a 966 96 96 42 190
a 967 96 96 43 110
a 968 97 97 16 108 132 152
a 969 97 97 55 88 169
a 970 97 97 7 53 158
a 971 97 97 37 107 198
a 972 97 97 20 80
a 973 97 97 158
a 974 98 98 22 59 94 165 181
a 975 98 98 0 44 52 135
a 976 98 98 32 120 121 151
a 977 98 98 75 100 110 197
a 978 98 98 96 142 166
a 979 98 98 32 61 71
a 980 98 98 38 73 149
a 981 98 98 94 97
a 982 98 98 0 67
a 983 98 98 67 111
a 984 99 99 15 43 72 78 134 153 190
a 985 99 99 4 26 112 118 146 195
a 986 99 99 62 104 129 149 184
a 987 99 99 5 42 177 182
a 988 99 99 61 91 121
a 989 99 99 71 150 163
a 990 99 99 13 20 162
a 991 99 99 140 150
a 992 99 99 78 79
a 993 100 100 2 65 129 154 176 184
a 994 100 100 66 117 195 198
a 995 100 100 2 89 109 122
a 996 100 100 16 157 188
a 997 100 100 4 79 93
a 998 100 100 14 107 183
a 999 100 100 84 99 184
s 0 1
s 1 1
s 2 1
s 3 1
s 4 1
s 5 1
s 6 1
s 7 1
s 8 1
s 9 1
s 10 1
s 11 1
s 12 1
s 13 1
s 14 1
s 15 1
s 16 1
s 17 1
s 18 1
s 19 1
s 20 1
s 21 1
s 22 1
s 23 1
s 24 1
s 25 1
s 26 1
s 27 1
s 28 1
s 29 1
s 30 1
s 31 1
s 32 1
s 33 1
s 34 1
s 35 1
s 36 1
s 37 1
s 38 1
s 39 1
s 40 1
s 41 1
s 42 1
s 43 1
s 44 1
s 45 1
s 46 1
s 47 1
s 48 1
s 49 1
s 50 1
s 51 1
s 52 1
s 53 1
s 54 1
s 55 1
s 56 1
s 57 1
s 58 1
s 59 1
s 60 1
s 61 1
s 62 1
s 63 1
s 64 1
s 65 1
s 66 1
s 67 1
s 68 1
s 69 1
s 70 1
s 71 1
s 72 1
s 73 1
s 74 1
s 75 1
s 76 1
s 77 1
s 78 1
s 79 1
s 80 1
s 81 1
s 82 1
s 83 1
s 84 1
s 85 1
s 86 1
s 87 1
s 88 1
s 89 1
s 90 1
s 91 1
s 92 1
s 93 1
s 94 1
s 95 1
s 96 1
s 97 1
s 98 1
s 99 1
s 100 1
s 101 1
s 102 1
s 103 1
s 104 1
s 105 1
s 106 1
s 107 1
s 108 1
s 109 1
s 110 1
s 111 1
s 112 1
s 113 1
s 114 1
s 115 1
s 116 1
s 117 1
s 118 1
s 119 1
s 120 1
s 121 1
s 122 1
s 123 1
s 124 1
s 125 1
s 126 1
s 127 1
s 128 1
s 129 1
s 130 1
s 131 1
s 132 1
s 133 1
s 134 1
s 135 1
s 136 1
s 137 1
s 138 1
s 139 1
s 140 1
s 141 1
s 142 1
s 143 1
s 144 1
s 145 1
s 146 1
s 147 1
s 148 1
s 149 1
s 150 1
s 151 1
s 152 1
s 153 1
s 154 1
s 155 1
s 156 1
s 157 1
s 158 1
s 159 1
s 160 1
s 161 1
s 162 1
s 163 1
s 164 1
s 165 1
s 166 1
s 167 1
s 168 1
s 169 1
s 170 1
s 171 1
s 172 1
s 173 1
s 174 1
s 175 1
s 176 1
s 177 1
s 178 1
s 179 1
s 180 1
s 181 1
s 182 1
s 183 1
s 184 1
s 185 1
s 186 1
s 187 1
s 188 1
s 189 1
s 190 1
s 191 1
s 192 1
s 193 1
s 194 1
s 195 1
s 196 1
s 197 1
s 198 1
s 199 1
