p 100 20
a 0 445 445 1 3
a 1 815 815 12
a 2 234 234 5
a 3 845 845 0 1 13 15
a 4 568 568 17
a 5 272 272 18 19
a 6 632 632 11 17
a 7 486 486 5 9 12 13 19
a 8 751 751 5 6
a 9 893 893 0 15
a 10 6 6
a 11 275 275 9
a 12 503 503 18
a 13 387 387 1 2 13 14
a 14 648 648 14 15 17
a 15 819 819 13 15
a 16 203 203 11 18
a 17 875 875 9 11 15 18
a 18 768 768 0 8
a 19 277 277 9 17
a 20 357 357 8 10 16 19
a 21 868 868 2 3 14 17
a 22 378 378
a 23 911 911 12
a 24 381 381
a 25 683 683 3 8 13
a 26 280 280 5
a 27 430 430 9 14
a 28 249 249 17
a 29 456 456 16
a 30 905 905 4 5 6
a 31 47 47 1 10 13
a 32 534 534 2 13
a 33 490 490 3 19
a 34 653 653 12 14
a 35 294 294 6 11
a 36 854 854 7 10
a 37 173 173 3 5 7 9
a 38 796 796 5
a 39 69 69 2 11
a 40 954 954 8 11 12 17 19
a 41 900 900 8
a 42 32 32 18
a 43 720 720 19
a 44 361 361 0 19
a 45 362 362 14 15
a 46 152 152 1 16 18
a 47 550 550 3
a 48 754 754 11 13
a 49 453 453
a 50 151 151 1 6
a 51 658 658
a 52 535 535
a 53 117 117 1 3
a 54 516 516 2 7
a 55 378 378 4 17
a 56 667 667 3 10
a 57 465 465 1 14 16 19
a 58 139 139 0 4
a 59 128 128 13
a 60 485 485 3 4 7 12
a 61 211 211 7 17
a 62 28 28 2 16
a 63 272 272 2 8
a 64 173 173 14 16 18
a 65 29 29 0 10
a 66 338 338 2 7
a 67 985 985 4 6 8
a 68 222 222 8
a 69 115 115
a 70 223 223 3 10
a 71 407 407 6 11 19
a 72 564 564 11
a 73 971 971 16
a 74 998 998 12
a 75 544 544 1 5
a 76 392 392 15 16
a 77 187 187 2 12
a 78 305 305 6 7 16
a 79 894 894 4 6 19
a 80 963 963 13
a 81 586 586 0 1 15
a 82 52 52 4 9 10
a 83 541 541 7 8
a 84 719 719 5 15 18
a 85 186 186 6
a 86 210 210 10 18
a 87 205 205 2
a 88 876 876 9 10
a 89 244 244 4 7
a 90 6 6 4 9
a 91 481 481 5 8 10 18
a 92 465 465
a 93 348 348 9
a 94 300 300 15
a 95 929 929 12
a 96 641 641 0 4 7 11 14 16
a 97 622 622 0 17
a 98 137 137 0
a 99 566 566 6 12 14
s 0 1
s 1 1
s 2 1
s 3 1
s 4 1
s 5 1
s 6 1
s 7 1
s 8 1
s 9 1
s 10 1
s 11 1
s 12 1
s 13 1
s 14 1
s 15 1
s 16 1
s 17 1
s 18 1
s 19 1
