p 100 20
a 0 300 300 17
a 1 259 259 0 4
a 2 9 9 10
a 3 242 242 2 9 13 18
a 4 694 694 6
a 5 487 487 9 17
a 6 105 105 6 11 12
a 7 847 847 17
a 8 218 218 0 1 7 19
a 9 11 11 1 7 12 13 16 19
a 10 598 598 17 19
a 11 968 968 1 14
a 12 544 544 1 11 12
a 13 372 372 16 19
a 14 39 39 2 6 15
a 15 105 105 8 16 18
a 16 534 534 7
a 17 507 507 11 18
a 18 992 992 2 8
a 19 15 15 3 5 6 12
a 20 528 528 0 10 11 19
a 21 970 970 1 4
a 22 359 359 13
a 23 729 729 2 7
a 24 358 358 6 16
a 25 157 157
a 26 533 533 3 9
a 27 432 432 8 14
a 28 837 837 13 16
a 29 991 991 10
a 30 632 632 3 9
a 31 785 785 0 6
a 32 488 488
a 33 314 314 5 12 15
a 34 287 287 10 13 15
a 35 953 953 2 8 9 15 18
a 36 793 793 4
a 37 459 459 7 11
a 38 718 718 2 8
a 39 248 248 16
a 40 954 954 3 4 11
a 41 357 357 6
a 42 954 954 5
a 43 881 881 11 17
a 44 241 241 9
a 45 237 237 11
a 46 383 383 5 15
a 47 401 401 2 3 12
a 48 724 724 1 19
a 49 22 22 0 9 14
a 50 568 568 10
a 51 862 862 8
a 52 193 193 4
a 53 246 246
a 54 150 150 6 9 16
a 55 794 794
a 56 969 969 5 15 17
a 57 217 217 5 16 18
a 58 206 206 18
a 59 728 728 4
a 60 101 101 17
a 61 20 20 4 11
a 62 268 268 4 15
a 63 926 926 4 7 13
a 64 201 201 7 13 19
a 65 4 4 5 10 14
a 66 876 876 3 7 8 12 14 19
a 67 227 227 14
a 68 393 393
a 69 48 48 8 16
a 70 514 514 0 2 14
a 71 627 627
a 72 962 962 3 13 17
a 73 612 612 5 8
a 74 352 352 3 9
a 75 225 225 6 8 13
a 76 546 546
a 77 752 752 3 17
a 78 433 433 0
a 79 148 148
a 80 146 146
a 81 609 609 3 17
a 82 323 323 15
a 83 461 461 15 19
a 84 274 274 2 10
a 85 790 790
a 86 954 954 0 10
a 87 752 752 0 1 4 18
a 88 654 654
a 89 869 869
a 90 579 579 1 5 14 15 18
a 91 873 873 12 16
a 92 728 728 2 9 12 13
a 93 455 455 7 10 11 14
a 94 358 358 14
a 95 297 297 0 18
a 96 374 374
a 97 409 409 1 5 7 12
a 98 888 888 1 6 19
a 99 81 81 10 18
s 0 1
s 1 1
s 2 1
s 3 1
s 4 1
s 5 1
s 6 1
s 7 1
s 8 1
s 9 1
s 10 1
s 11 1
s 12 1
s 13 1
s 14 1
s 15 1
s 16 1
s 17 1
s 18 1
s 19 1
