p 100 20
a 0 404 404 12
a 1 174 174 0 10
a 2 299 299 2
a 3 283 283
a 4 951 951 7 12 17
a 5 847 847
a 6 423 423 5
a 7 549 549 1 3 8 15 18
a 8 124 124 2 11
a 9 318 318 3 5 19
a 10 515 515 11 13 14
a 11 44 44 6
a 12 327 327 9
a 13 317 317 6 13 16 17
a 14 236 236 2 4 8
a 15 990 990 2 12
a 16 355 355 1 4
a 17 961 961 5 15
a 18 441 441 1 6 7 9
a 19 827 827 2 14 17
a 20 506 506 9 19
a 21 730 730 0 1 10
a 22 659 659
a 23 462 462 17
a 24 860 860 18
a 25 414 414 9 14
a 26 786 786 9 13 14 15 18
a 27 385 385 12 17
a 28 202 202
a 29 530 530 1 2
a 30 648 648 19
a 31 136 136 14 16
a 32 307 307
a 33 492 492 5 16
a 34 434 434 10
a 35 197 197
a 36 910 910
a 37 699 699 11 14 15 16 17
a 38 195 195 2 8 19
a 39 484 484 7 15 16
a 40 401 401 18 19
a 41 328 328 0 15
a 42 739 739
a 43 263 263 11 12 19
a 44 489 489 2 7
a 45 441 441
a 46 937 937 3 8 11 14 18 19
a 47 61 61 8
a 48 475 475 0
a 49 794 794 5 10
a 50 308 308 6 12 16
a 51 934 934
a 52 83 83 1 11 14
a 53 55 55 1 4 6 13 15
a 54 97 97 0 11 16
a 55 442 442 3 17
a 56 187 187 1
a 57 809 809 3 9
a 58 640 640 8 18
a 59 595 595 8 13
a 60 55 55 9 12 15
a 61 357 357 0 2 9 15
a 62 679 679 3 4
a 63 664 664 3 13
a 64 390 390 11
a 65 107 107
a 66 707 707 13
a 67 684 684 4 6 9 10
a 68 171 171 4 16
a 69 428 428 9 13
a 70 444 444 5
a 71 46 46 4 6 8 10
a 72 788 788 7
a 73 509 509
a 74 257 257 11 19
a 75 106 106 16
a 76 731 731 4 8 12
a 77 772 772 7
a 78 596 596 17
a 79 200 200 0 7 12 18
a 80 612 612
a 81 353 353 2 7 12 13
a 82 815 815 10 14
a 83 139 139 5 10 11 19
a 84 406 406
a 85 255 255 6
a 86 503 503 3 5 6
a 87 133 133 13 18
a 88 389 389 1 18
a 89 19 19 3 16 17
a 90 103 103
a 91 809 809 7 15
a 92 23 23 18
a 93 612 612 0 5
a 94 488 488
a 95 57 57
a 96 974 974 10 14 17
a 97 555 555 4 10 19
a 98 80 80 0 6 7
a 99 521 521 0 1 3 4 5 8
s 0 1
s 1 1
s 2 1
s 3 1
s 4 1
s 5 1
s 6 1
s 7 1
s 8 1
s 9 1
s 10 1
s 11 1
s 12 1
s 13 1
s 14 1
s 15 1
s 16 1
s 17 1
s 18 1
s 19 1
