p 100 20
a 0 266 266 2 7 9 13 18
a 1 468 468 1
a 2 217 217 8
a 3 654 654 2 4 7
a 4 763 763 8
a 5 822 822 2 10 12
a 6 783 783 1 15
a 7 764 764 1 19
a 8 314 314 18
a 9 171 171 3 7 11 13
a 10 49 49 5 9 17 19
a 11 940 940 1 14 19
a 12 122 122 12 18
a 13 936 936 3 11 17
a 14 961 961
a 15 253 253 18
a 16 48 48 7
a 17 561 561
a 18 734 734 2 4
a 19 333 333 0 3 9
a 20 421 421 1 12 14 19
a 21 401 401 6 7 11
a 22 350 350 14
a 23 9 9 9 18
a 24 212 212 0 2 3 6 10
a 25 609 609
a 26 169 169 1 5 11
a 27 776 776
a 28 525 525 5
a 29 519 519 4 16
a 30 145 145
a 31 640 640 4 10 14
a 32 577 577 1
a 33 897 897
a 34 903 903 7 13 19
a 35 360 360
a 36 575 575 15
a 37 851 851 2 4
a 38 695 695 5 16
a 39 73 73 6 12
a 40 366 366 3 7 10 15
a 41 294 294 6
a 42 958 958 4 16
a 43 463 463 0 3 5
a 44 188 188 6 10 14 18
a 45 865 865 17
a 46 955 955 19
a 47 44 44 9
a 48 231 231 2 4 5 8 12 19
a 49 483 483 2
a 50 908 908 3 16
a 51 438 438 12 13 17
a 52 514 514 10
a 53 522 522
a 54 267 267
a 55 624 624 2 9 11
a 56 618 618 0 5
a 57 462 462 5 6 19
a 58 513 513 16
a 59 39 39 1 19
a 60 161 161 0 9 10 15
a 61 578 578 0 3 11 18
a 62 304 304 13 16
a 63 974 974 13 18
a 64 795 795 8 10 15
a 65 796 796 2
a 66 55 55 6
a 67 908 908 13
a 68 839 839 13
a 69 898 898 11 14
a 70 122 122 7 14 17
a 71 363 363 4 14
a 72 337 337
a 73 375 375 7 9 10 15
a 74 177 177 16
a 75 189 189 8 12 15 18
a 76 781 781
a 77 22 22 14 17
a 78 146 146 11
a 79 514 514 8
a 80 790 790 15
a 81 263 263 17
a 82 97 97 3 12
a 83 69 69 9
a 84 416 416
a 85 224 224 10
a 86 23 23 0
a 87 344 344 4 8 17
a 88 442 442 16
a 89 638 638 0 4 5 8
a 90 944 944 0 1 7 16
a 91 957 957
a 92 841 841 0 6 12 14 16
a 93 876 876 6 13 15 19
a 94 33 33 3 17 18
a 95 39 39 8
a 96 177 177 11
a 97 674 674 6 8 11 12 13
a 98 98 98 1 17
a 99 984 984 5 9 15
s 0 1
s 1 1
s 2 1
s 3 1
s 4 1
s 5 1
s 6 1
s 7 1
s 8 1
s 9 1
s 10 1
s 11 1
s 12 1
s 13 1
s 14 1
s 15 1
s 16 1
s 17 1
s 18 1
s 19 1
