p 100 20
a 0 364 364 0 10
a 1 722 722 0 4 16
a 2 566 566 6
a 3 422 422 13
a 4 446 446 3 12 14 17
a 5 611 611 2 6 19
a 6 496 496 3 8 12
a 7 742 742 9
a 8 23 23 3
a 9 813 813 15
a 10 152 152 2 6 16
a 11 16 16 9
a 12 56 56 0 12 16 18
a 13 394 394 3 5 7 10
a 14 739 739
a 15 280 280 10 14 18
a 16 883 883 18 19
a 17 609 609 13 17
a 18 655 655 6 11 19
a 19 823 823 4 7 15 17
a 20 708 708 1 11 19
a 21 246 246 5 9 10
a 22 339 339 2 15
a 23 145 145 14 19
a 24 291 291 17 18
a 25 340 340 8
a 26 155 155 5 6 19
a 27 605 605 0 1 6
a 28 624 624
a 29 226 226 0 7 8 15 18
a 30 79 79 1 9
a 31 725 725 17
a 32 982 982 3 13 16
a 33 331 331 3 4 11
a 34 734 734 11 19
a 35 224 224 1
a 36 595 595 0 1 4 5
a 37 131 131 2
a 38 847 847 13 15
a 39 988 988 15 17
a 40 446 446
a 41 806 806
a 42 617 617 2 10
a 43 751 751 6
a 44 490 490 2 5
a 45 339 339 0 13
a 46 964 964
a 47 136 136 1
a 48 698 698 9 11
a 49 210 210 0 12 14
a 50 631 631 4 8 12 17
a 51 225 225 2
a 52 909 909
a 53 738 738 7
a 54 475 475 15 16
a 55 921 921 8 16
a 56 373 373 0 6 12 14 15
a 57 294 294
a 58 856 856 18
a 59 735 735 3
a 60 562 562 4 9 11 14
a 61 57 57 7 18
a 62 607 607 1 2 8 12 18
a 63 185 185 5 15
a 64 76 76 13 17
a 65 383 383 14
a 66 120 120 6 7
a 67 742 742 3 6 16
a 68 433 433 11 19
a 69 685 685 11 17
a 70 780 780 15
a 71 280 280 4 10
a 72 284 284 7 10 12 13
a 73 668 668 16 17
a 74 837 837
a 75 126 126 9 11
a 76 119 119 4
a 77 738 738
a 78 29 29 5 7 10
a 79 120 120 4 12
a 80 578 578 9
a 81 738 738 5 12 16
a 82 92 92 8
a 83 557 557 8
a 84 796 796 4 5
a 85 61 61 2 14
a 86 902 902 0 5 9 14
a 87 794 794 10 19
a 88 433 433 1 13
a 89 137 137 7 14
a 90 581 581 3 9 18 19
a 91 876 876 1
a 92 908 908 3 8 11
a 93 185 185 8 13
a 94 75 75 10
a 95 720 720 16
a 96 791 791 2 18
a 97 477 477
a 98 42 42 1 13
a 99 352 352 7
s 0 1
s 1 1
s 2 1
s 3 1
s 4 1
s 5 1
s 6 1
s 7 1
s 8 1
s 9 1
s 10 1
s 11 1
s 12 1
s 13 1
s 14 1
s 15 1
s 16 1
s 17 1
s 18 1
s 19 1
