p 100 20
a 0 132 132 19
a 1 944 944 3 17 19
a 2 804 804 4 8 11
a 3 79 79 2 5 15
a 4 911 911
a 5 314 314 8
a 6 784 784
a 7 77 77
a 8 587 587 5 7 8 11
a 9 89 89 1 10 19
a 10 198 198 2 5 18
a 11 719 719 4 10 11
a 12 674 674
a 13 451 451 2 3 7 13 19
a 14 933 933 1 4 6 12
a 15 382 382 2 17
a 16 421 421 0 1 7 12 17
a 17 550 550 6 13
a 18 233 233 9 14
a 19 379 379 7 19
a 20 109 109 17
a 21 309 309 1 7
a 22 945 945 14
a 23 879 879 3 9
a 24 426 426 18
a 25 28 28 5 12 13 15 18
a 26 478 478 0 5 16
a 27 884 884 5 16
a 28 916 916 3 11 14 15 18
a 29 656 656 13
a 30 696 696 8
a 31 716 716 12
a 32 313 313 6 13 15
a 33 507 507 9
a 34 50 50 3 10
a 35 968 968
a 36 934 934 0 12
a 37 318 318 9 10
a 38 834 834 1 6 11
a 39 740 740
a 40 929 929 11 14 19
a 41 247 247 10 14
a 42 570 570 15 19
a 43 113 113 13
a 44 158 158 0 18
a 45 598 598 0
a 46 890 890 17
a 47 235 235 4 9 10
a 48 681 681 9
a 49 411 411 10
a 50 586 586 14 19
a 51 644 644 7 11 15
a 52 76 76
a 53 570 570 13
a 54 498 498 1
a 55 680 680 4
a 56 873 873 7
a 57 473 473 2
a 58 29 29 0 3 8
a 59 531 531 15
a 60 641 641 0
a 61 385 385 3 4 6
a 62 533 533 4 6 9 16
a 63 984 984 4 8 15
a 64 926 926 8 16
a 65 507 507 3
a 66 528 528 1 7
a 67 444 444 2 16
a 68 735 735 10 18
a 69 293 293 15 17
a 70 756 756 7 13
a 71 970 970 1 17
a 72 74 74 6 8
a 73 93 93 4 6 19
a 74 663 663 11
a 75 207 207 8 11 14
a 76 167 167 2 16 17
a 77 910 910 17
a 78 842 842 4
a 79 729 729
a 80 841 841 0 10
a 81 561 561 1
a 82 862 862 1 11
a 83 588 588 12 14 17
a 84 720 720 9 15
a 85 661 661 2 3 5 7 9
a 86 824 824 5 10 16
a 87 141 141 3 8 13
a 88 94 94
a 89 482 482 6
a 90 545 545 0 12
a 91 170 170 0 13 18 19
a 92 191 191 9 14 16 18
a 93 170 170 6
a 94 169 169 2 12
a 95 41 41 14
a 96 244 244 5
a 97 945 945 2 12 16 18
a 98 125 125 12
a 99 33 33 5 16 18
s 0 1
s 1 1
s 2 1
s 3 1
s 4 1
s 5 1
s 6 1
s 7 1
s 8 1
s 9 1
s 10 1
s 11 1
s 12 1
s 13 1
s 14 1
s 15 1
s 16 1
s 17 1
s 18 1
s 19 1
