p 100 20
a 0 756 756 4
a 1 887 887 2 6 16
a 2 825 825 0 17
a 3 400 400 3
a 4 951 951 0 16 19
a 5 956 956 18
a 6 658 658 15
a 7 432 432 4 9 11
a 8 155 155 7
a 9 584 584 7
a 10 286 286
a 11 332 332 7
a 12 846 846 4
a 13 472 472 0 8
a 14 24 24 0 11 19
a 15 330 330
a 16 217 217 5 6 11 15 16
a 17 89 89 1
a 18 103 103 1 9 10 11 12 14 17 19
a 19 395 395 6
a 20 678 678
a 21 644 644 9 19
a 22 651 651 10 13 17
a 23 939 939 6 17
a 24 764 764 4
a 25 615 615 10 12 18
a 26 614 614 5 14 17
a 27 995 995 3 13
a 28 921 921 5 7 15
a 29 167 167 1 11 14
a 30 352 352 1
a 31 668 668
a 32 799 799 7 8 9 12 14 18 19
a 33 770 770
a 34 971 971 7 10
a 35 645 645 0 14
a 36 42 42 8 12 13
a 37 305 305
a 38 400 400 11 18
a 39 870 870 11
a 40 817 817 10
a 41 101 101 13
a 42 609 609 3 8
a 43 565 565 15
a 44 706 706
a 45 442 442 14
a 46 273 273 15
a 47 225 225 11 18 19
a 48 891 891
a 49 730 730
a 50 425 425 3 9 16
a 51 926 926 0 9
a 52 230 230 10
a 53 27 27 4
a 54 653 653 4 15
a 55 825 825 1 10 13
a 56 573 573 14 16
a 57 995 995 0 2 5 18
a 58 206 206 0
a 59 780 780 2 5 12 17
a 60 439 439 1
a 61 10 10 1 2 3 5
a 62 361 361 4 5 8 11
a 63 899 899 2 6 12 16 19
a 64 169 169
a 65 442 442 5 9 13
a 66 768 768 1 6 15
a 67 728 728 3 9 10 16
a 68 921 921 6
a 69 59 59 2 17 18 19
a 70 391 391 4 7 15
a 71 868 868 8 17 18
a 72 903 903
a 73 658 658 3
a 74 578 578 8 19
a 75 207 207 6
a 76 468 468 6 12 14 15
a 77 946 946 3 4
a 78 196 196 2
a 79 331 331 2 15
a 80 543 543 2 7
a 81 219 219 5 10 12 16
a 82 83 83
a 83 652 652 8 9 16 17
a 84 526 526 8
a 85 586 586 1 5 13
a 86 611 611
a 87 394 394 13
a 88 530 530 3 17
a 89 186 186 0 18
a 90 760 760 9 12 16
a 91 505 505 1 2 8 10 11 12 13 19
a 92 431 431 13
a 93 921 921
a 94 8 8 0 3
a 95 1000 1000 14 18
a 96 330 330 7 14
a 97 774 774 4 7
a 98 792 792
a 99 738 738 6
s 0 1
s 1 1
s 2 1
s 3 1
s 4 1
s 5 1
s 6 1
s 7 1
s 8 1
s 9 1
s 10 1
s 11 1
s 12 1
s 13 1
s 14 1
s 15 1
s 16 1
s 17 1
s 18 1
s 19 1
