p 30 11
a 0 172 172 3 5 6 8
a 1 29 29 2 3 4
a 2 54 54 1 2 3 5 6 7 8 9 10
a 3 95 95 4 5 9
a 4 82 82
a 5 80 80 6
a 6 39 39 1 2 4 6 8 10
a 7 180 180 2
a 8 81 81
a 9 83 83 0 1 4 5
a 10 133 133 1
a 11 22 22 0 5 7
a 12 186 186 7 8
a 13 100 100 0
a 14 24 24 0 1 3 4 5 6 7 10
a 15 86 86 5 9 10
a 16 155 155 1 4 5 10
a 17 34 34 8
a 18 153 153 0 2 4 5 7 8
a 19 58 58 0 3 9
a 20 12 12 0 1 3 4 5 7 8 10
a 21 14 14
a 22 61 61 3 4 5 6 7
a 23 118 118 0 1 2 4 5 9
a 24 105 105 9
a 25 93 93 1 3 4 10
a 26 133 133 1 2 3 4 5 6 7 8 10
a 27 33 33 2 5 7
a 28 66 66 3 6
a 29 24 24 0 1 4 5 6 7 10
s 0 1
s 1 1
s 2 1
s 3 1
s 4 1
s 5 1
s 6 1
s 7 1
s 8 1
s 9 1
s 10 1
