p 30 11
a 0 58 58 6
a 1 37 37 1 2 6 9 10
a 2 16 16 0 4 5 7 8
a 3 14 14 0 1 2 3 4 5 6 8 10
a 4 197 197 4 5 7
a 5 119 119 0 1 3
a 6 119 119 1 2 4 5 6 7 8 9 10
a 7 110 110
a 8 188 188 0
a 9 72 72 0 1 3 4 6 10
a 10 165 165 0 3 6 7 9
a 11 190 190 0 1 5 8 9
a 12 126 126
a 13 76 76 1 2 3 5 6 7 9 10
a 14 142 142 4 6 7 9 10
a 15 132 132 10
a 16 64 64 0 1 2 3 5 6 8 9 10
a 17 11 11 2 3 4 7 8 9 10
a 18 153 153 0 1 2 4 5 6 9 10
a 19 139 139 0 1 2 10
a 20 69 69 8
a 21 68 68 1 3 5 6 7 9
a 22 98 98 0 1 2 3 4 5 6 7 9 10
a 23 169 169 2 9
a 24 85 85 1 4 6 7
a 25 166 166
a 26 194 194 2 5 6 7
a 27 186 186 1
a 28 185 185 1 2 5 9
a 29 71 71 0 4 8 9
s 0 1
s 1 1
s 2 1
s 3 1
s 4 1
s 5 1
s 6 1
s 7 1
s 8 1
s 9 1
s 10 1
