p 30 11
a 0 98 98 0 1 3 5 7 8 9 10
a 1 184 184 0 2 5 6 9 10
a 2 77 77 3 7 8
a 3 39 39 1 3 4 6 7 9
a 4 134 134
a 5 92 92 1 2 6 7
a 6 169 169 0 2
a 7 153 153 0 1 2 4 6 9 10
a 8 12 12 0
a 9 190 190 3 6 8 9
a 10 127 127 2 7 8 10
a 11 118 118 1 3 4 5 6 7
a 12 28 28 7
a 13 11 11 1 3 4 5 6 10
a 14 116 116 0 1 2 3 4 5 6 9 10
a 15 102 102 0 1 2 8 10
a 16 54 54 0 2 5 8 9
a 17 62 62 0 2 3 4 6 8
a 18 21 21 1 2 4 8
a 19 78 78 1 4 7 8 9
a 20 78 78 1 5 6 9
a 21 14 14 2 8
a 22 124 124 0 1 2 4 8 9 10
a 23 183 183 2 3 4 7 8
a 24 50 50 0 1 4 5 6 8 9 10
a 25 74 74 4 5 6 7 10
a 26 99 99 3
a 27 173 173 9 10
a 28 63 63 4
a 29 93 93 4 5 6 7 8
s 0 1
s 1 1
s 2 1
s 3 1
s 4 1
s 5 1
s 6 1
s 7 1
s 8 1
s 9 1
s 10 1
