p 30 11
a 0 27 27 1 2 3 4 5 6 8 9 10
a 1 128 128 0 1 3 6 8 9 10
a 2 169 169
a 3 124 124 0 5 6 7 8 9
a 4 121 121 5 6 8
a 5 158 158 5 6
a 6 116 116 2 7 8 9
a 7 146 146
a 8 20 20 1 6 9
a 9 144 144 2 3 4 5 7 10
a 10 113 113 2 3 6 7 8 10
a 11 167 167 4
a 12 174 174 0 1 2 3 4 5 6 9
a 13 159 159 0 1 4 5 6 7 8
a 14 152 152 1 6
a 15 178 178 0 1 2 3 4 5 6 7 10
a 16 80 80 0 2 3 10
a 17 178 178 1 2 4 5 6 9
a 18 46 46 0 7
a 19 30 30 0 7 9 10
a 20 19 19 3 5 8
a 21 15 15 0 1 2 4 5 7 8 9 10
a 22 29 29 9 10
a 23 114 114 0 2 3 4 6 8 10
a 24 65 65
a 25 48 48 0 1 2 3 6 7 8
a 26 64 64 2
a 27 147 147 0 1 3 4 5 6 7 10
a 28 114 114 0 2 4 7 8 9
a 29 33 33 3 7 9 10
s 0 1
s 1 1
s 2 1
s 3 1
s 4 1
s 5 1
s 6 1
s 7 1
s 8 1
s 9 1
s 10 1
