p 30 11
a 0 70 70 2 3 4 7
a 1 197 197 1 2 3 4 5 6 9 10
a 2 23 23 2 3 4 5 6 9
a 3 105 105
a 4 162 162 0 6 8 10
a 5 21 21 1 2 3 4 5 7 9
a 6 86 86
a 7 135 135 1 2 3 4 6 7 9
a 8 91 91 3 4 7 9
a 9 73 73 0 1 3 4 7 8 10
a 10 170 170 0 1 2 4 7 8 9 10
a 11 188 188
a 12 106 106 4 5 6 7 9 10
a 13 171 171 3 5 9
a 14 31 31 0 2 3
a 15 17 17
a 16 110 110 3 7
a 17 91 91 0 1 3 4 5 7 8 10
a 18 146 146 0 2
a 19 77 77 0 1 2 5 8 10
a 20 85 85 1 6 8 9
a 21 79 79 0 2 3 5 8 9 10
a 22 174 174 0 1 2 3 5 8 9 10
a 23 14 14 0 1 2 3 5 9 10
a 24 143 143 0 2 9
a 25 89 89 0 1 2 3 4 5 7 8 9
a 26 197 197 1 3 4 6 8 9
a 27 129 129 0 4 6 7 8 10
a 28 31 31 0 3 5 7 8
a 29 156 156 1 2 3 4 5 6 7 8 10
s 0 1
s 1 1
s 2 1
s 3 1
s 4 1
s 5 1
s 6 1
s 7 1
s 8 1
s 9 1
s 10 1
