p 30 11
a 0 101 101 1 2 3 7 8 9 10
a 1 189 189 2 3 4 5 6 8
a 2 62 62 0 2 3 4 5 7 8 9 10
a 3 187 187 2 9 10
a 4 47 47 1 5 7 8
a 5 173 173 2 3 6 7 9
a 6 89 89 0 1 4 5 8
a 7 99 99 0 1 2 3 6 7 10
a 8 68 68 2 4 10
a 9 191 191 1 2 3 5 6 7
a 10 31 31 0 3 6 7 8
a 11 20 20 0 1 2 4 5 6 8 9
a 12 59 59 0 1 2 3 4 5 8 9 10
a 13 195 195 3 6 7 8 9
a 14 21 21 1 3 4 5 9 10
a 15 162 162 3 4 7
a 16 11 11 0 1 2 3 4 6 7 9 10
a 17 31 31 10
a 18 146 146 0 1 2 3 5 6 8 9 10
a 19 102 102 2 3 5 6 9
a 20 135 135 10
a 21 132 132 0 5
a 22 52 52 2 3 7 8 9
a 23 69 69 10
a 24 163 163 1 2 4 6 7 8 9 10
a 25 16 16 3 8
a 26 135 135 0 1 2 3 4 5 6 7 9
a 27 60 60 0 1 2 5 6 7 9 10
a 28 102 102 5 10
a 29 109 109 0 7
s 0 1
s 1 1
s 2 1
s 3 1
s 4 1
s 5 1
s 6 1
s 7 1
s 8 1
s 9 1
s 10 1
