p 30 11
a 0 104 104 0 2 3 4 6 7 10
a 1 135 135 0 1 4 5 6 7 8 9 10
a 2 46 46 0 2 5 6 8 9
a 3 149 149 1 3 8 9
a 4 45 45 0 3 8 9 10
a 5 197 197 0 1 2
a 6 113 113 1 2 3 5 7 8 10
a 7 76 76
a 8 127 127 0 2 4 9
a 9 133 133 0 1 2 4 5 7 8 10
a 10 145 145
a 11 144 144 0 2
a 12 115 115 2 3 4 5 7 10
a 13 135 135 2 4 6 8 10
a 14 162 162 0 1 2 3 4 5 7 8 10
a 15 33 33 0 2 3 8 9 10
a 16 179 179 0 2 3 5 7 8 10
a 17 155 155 0 1 3 4 6
a 18 47 47 4 8 9 10
a 19 112 112 0 1 2 4 7 8 9
a 20 76 76 0 3 4 6 9
a 21 153 153 0 1 6 7 8 10
a 22 150 150 0 2 3 6 7 8 9
a 23 59 59 4 5 9
a 24 44 44 1 2 4 6 8
a 25 14 14 0 1 2 5 8 9
a 26 125 125 1 2 3 4 6 7 8 9 10
a 27 108 108 1 3 4 5 6 7
a 28 43 43
a 29 80 80 7 10
s 0 1
s 1 1
s 2 1
s 3 1
s 4 1
s 5 1
s 6 1
s 7 1
s 8 1
s 9 1
s 10 1
