p 30 11
a 0 144 144 2 5
a 1 67 67 0 1 3 5 6 8 9 10
a 2 191 191 3 9
a 3 168 168 0 1 2 4 5 8 9 10
a 4 195 195 0 1 9 10
a 5 36 36 0 1 3 4 5 6 7 9 10
a 6 59 59 1
a 7 87 87 2 3 8 10
a 8 56 56 1 4 8 10
a 9 13 13 0 1 2 3 4 8 9
a 10 88 88 0 1 4 5 6 8 10
a 11 124 124 0 1 2 3 5 6 7 8 10
a 12 182 182 3 4 5 6 8 9 10
a 13 123 123 0 1 2 3 4 5 6 7 9
a 14 91 91 0 1 2 4 5 7 9 10
a 15 193 193 3 4 6 8 9
a 16 41 41 0 1 3 5 6 7 8 9 10
a 17 135 135 6 8
a 18 138 138 0 2
a 19 149 149 2 3 6 8 9
a 20 10 10 3 4 5 7
a 21 89 89 3 4 5 6 8 9 10
a 22 197 197 6
a 23 160 160 1 8 10
a 24 157 157 1 10
a 25 164 164 2 6 8
a 26 184 184 0 6 7
a 27 42 42 0 1 3 5 6 7 9 10
a 28 126 126 6
a 29 41 41 1 5 6 8 9 10
s 0 1
s 1 1
s 2 1
s 3 1
s 4 1
s 5 1
s 6 1
s 7 1
s 8 1
s 9 1
s 10 1
